Time	Amplitude	Unknown
-0.05	0.0659375	14.17032
-0.04975	0.0665625	14.17032
-0.0495	0.0653125	14.17032
-0.04925	0.0634375	14.17032
-0.049	0.0634375	14.17032
-0.04875	0.0625	14.17032
-0.0485	0.06125	14.17032
-0.04825	0.0634375	14.17032
-0.048	0.0609375	14.17032
-0.04775	0.0590625	14.17032
-0.0475	0.06	14.17032
-0.04725	0.0575	14.17032
-0.047	0.05625	14.17032
-0.04675	0.0546875	14.17032
-0.0465	0.0571875	14.17032
-0.04625	0.056875	14.17032
-0.046	0.055625	14.17032
-0.04575	0.0584375	14.17032
-0.0455	0.0621875	14.17032
-0.04525	0.058125	14.17032
-0.045	0.0553125	14.17032
-0.04475	0.045625	14.17032
-0.0445	0.039375	14.17032
-0.04425	0.033125	14.17032
-0.044	0.0328125	14.17032
-0.04375	0.0340625	14.17032
-0.0435	0.03625	14.17032
-0.04325	0.0465625	14.17032
-0.043	0.05625	14.17032
-0.04275	0.0571875	14.17032
-0.0425	0.0628125	14.17032
-0.04225	0.063125	14.17032
-0.042	0.055625	14.17032
-0.04175	0.0490625	14.17032
-0.0415	0.0446875	14.17032
-0.04125	0.044375	14.17032
-0.041	0.0446875	14.17032
-0.04075	0.0465625	14.17032
-0.0405	0.048125	14.17032
-0.04025	0.0496875	14.17032
-0.04	0.0534375	14.17032
-0.03975	0.05625	14.17032
-0.0395	0.0575	14.17032
-0.03925	0.065	14.17032
-0.039	0.069375	14.17032
-0.03875	0.074375	14.17032
-0.0385	0.0778125	14.17032
-0.03825	0.079375	14.17032
-0.038	0.083125	14.17032
-0.03775	0.08375	14.17032
-0.0375	0.085	14.17032
-0.03725	0.0846875	14.17032
-0.037	0.080625	14.17032
-0.03675	0.0746875	14.17032
-0.0365	0.0696875	14.17032
-0.03625	0.0603125	14.17032
-0.036	0.0546875	14.17032
-0.03575	0.0503125	14.17032
-0.0355	0.04875	14.17032
-0.03525	0.04375	14.17032
-0.035	0.038125	14.17032
-0.03475	0.036875	14.17032
-0.0345	0.0375	14.17032
-0.03425	0.03875	14.17032
-0.034	0.04125	14.17032
-0.03375	0.0453125	14.17032
-0.0335	0.0478125	14.17032
-0.03325	0.0509375	14.17032
-0.033	0.0521875	14.17032
-0.03275	0.0559375	14.17032
-0.0325	0.05125	14.17032
-0.03225	0.0434375	14.17032
-0.032	0.03125	14.17032
-0.03175	0.0215625	14.17032
-0.0315	0.0159375	14.17032
-0.03125	0.0134375	14.17032
-0.031	0.015	14.17032
-0.03075	0.0196875	14.17032
-0.0305	0.0265625	14.17032
-0.03025	0.0359375	14.17032
-0.03	0.0471875	14.17032
-0.02975	0.0528125	14.17032
-0.0295	0.0590625	14.17032
-0.02925	0.065	14.17032
-0.029	0.0746875	14.17032
-0.02875	0.08375	14.17032
-0.0285	0.0865625	14.17032
-0.02825	0.0903125	14.17032
-0.028	0.0909375	14.17032
-0.02775	0.08375	14.17032
-0.0275	0.07875	14.17032
-0.02725	0.06625	14.17032
-0.027	0.0575	14.17032
-0.02675	0.053125	14.17032
-0.0265	0.0484375	14.17032
-0.02625	0.045	14.17032
-0.026	0.0446875	14.17032
-0.02575	0.0453125	14.17032
-0.0255	0.0471875	14.17032
-0.02525	0.045625	14.17032
-0.025	0.0490625	14.17032
-0.02475	0.049375	14.17032
-0.0245	0.05	14.17032
-0.02425	0.051875	14.17032
-0.024	0.055625	14.17032
-0.02375	0.060625	14.17032
-0.0235	0.06875	14.17032
-0.02325	0.066875	14.17032
-0.023	0.065625	14.17032
-0.02275	0.0628125	14.17032
-0.0225	0.0603125	14.17032
-0.02225	0.0603125	14.17032
-0.022	0.0596875	14.17032
-0.02175	0.065625	14.17032
-0.0215	0.06625	14.17032
-0.02125	0.0678125	14.17032
-0.021	0.0721875	14.17032
-0.02075	0.0725	14.17032
-0.0205	0.0725	14.17032
-0.02025	0.0759375	14.17032
-0.02	0.075	14.17032
-0.01975	0.075	14.17032
-0.0195	0.0759375	14.17032
-0.01925	0.0796875	14.17032
-0.019	0.0809375	14.17032
-0.01875	0.0775	14.17032
-0.0185	0.0759375	14.17032
-0.01825	0.0753125	14.17032
-0.018	0.074375	14.17032
-0.01775	0.075	14.17032
-0.0175	0.0728125	14.17032
-0.01725	0.07375	14.17032
-0.017	0.0709375	14.17032
-0.01675	0.0703125	14.17032
-0.0165	0.0690625	14.17032
-0.01625	0.0678125	14.17032
-0.016	0.0671875	14.17032
-0.01575	0.065625	14.17032
-0.0155	0.0615625	14.17032
-0.01525	0.0609375	14.17032
-0.015	0.0596875	14.17032
-0.01475	0.0578125	14.17032
-0.0145	0.0584375	14.17032
-0.01425	0.0571875	14.17032
-0.014	0.055625	14.17032
-0.01375	0.0528125	14.17032
-0.0135	0.0490625	14.17032
-0.01325	0.044375	14.17032
-0.013	0.038125	14.17032
-0.01275	0.0359375	14.17032
-0.0125	0.0340625	14.17032
-0.01225	0.029375	14.17032
-0.012	0.0309375	14.17032
-0.01175	0.0325	14.17032
-0.0115	0.030625	14.17032
-0.01125	0.0290625	14.17032
-0.011	0.028125	14.17032
-0.01075	0.0259375	14.17032
-0.0105	0.02625	14.17032
-0.01025	0.025	14.17032
-0.01	0.0309375	14.17032
-0.00975	0.0346875	14.17032
-0.0095	0.0371875	14.17032
-0.00925	0.0396875	14.17032
-0.009	0.0403125	14.17032
-0.00875	0.04375	14.17032
-0.0085	0.046875	14.17032
-0.00825	0.048125	14.17032
-0.008	0.0525	14.17032
-0.00775	0.055625	14.17032
-0.0075	0.0596875	14.17032
-0.00725	0.0609375	14.17032
-0.007	0.060625	14.17032
-0.00675	0.0625	14.17032
-0.0065	0.060625	14.17032
-0.00625	0.0590625	14.17032
-0.006	0.0575	14.17032
-0.00575	0.0590625	14.17032
-0.0055	0.064375	14.17032
-0.00525	0.0684375	14.17032
-0.005	0.069375	14.17032
-0.00475	0.07	14.17032
-0.0045	0.0678125	14.17032
-0.00425	0.0665625	14.17032
-0.004	0.0609375	14.17032
-0.00375	0.06	14.17032
-0.0035	0.0628125	14.17032
-0.00325	0.0625	14.17032
-0.003	0.0684375	14.17032
-0.00275	0.0734375	14.17032
-0.0025	0.07625	14.17032
-0.00225	0.0815625	14.17032
-0.002	0.0871875	14.17032
-0.00175	0.0865625	14.17032
-0.0015	0.0903125	14.17032
-0.00125	0.0928125	14.17032
-0.001	0.103125	14.17032
-0.00075	0.1075	14.17032
-0.0005	0.1071875	14.17032
-0.00025	0.1084375	14.17032
0	0.0971875	14.17032
0.00025	0.1303125	14.22466
0.0005	0.7059375	14.2787
0.00075	-1.035938	14.3241
0.001	-0.4828125	14.35102
0.00125	-0.0321875	14.37401
0.0015	0.026875	14.39708
0.00175	0.028125	14.42021
0.002	0.0303125	14.44338
0.00225	0.03	14.46661
0.0025	0.0271875	14.48986
0.00275	0.038125	14.51316
0.003	0.0484375	14.53647
0.00325	0.048125	14.55977
0.0035	0.051875	14.58308
0.00375	0.055	14.60636
0.004	0.0496875	14.62962
0.00425	0.049375	14.65286
0.0045	0.0509375	14.67607
0.00475	0.055625	14.69925
0.005	0.0525	14.72241
0.00525	0.0484375	14.74554
0.0055	0.04625	14.76864
0.00575	0.0409375	14.79171
0.006	0.0365625	14.81475
0.00625	0.0390625	14.83777
0.0065	0.03875	14.86075
0.00675	0.0421875	14.8837
0.007	0.0478125	14.90662
0.00725	0.0475	14.92951
0.0075	0.0546875	14.95237
0.00775	0.0559375	14.9752
0.008	0.055	14.998
0.00825	0.055625	15.02078
0.0085	0.0540625	15.04353
0.00875	0.05625	15.06624
0.009	0.0546875	15.08892
0.00925	0.055	15.11157
0.0095	0.0571875	15.13418
0.00975	0.05375	15.15675
0.01	0.0528125	15.17931
0.01025	0.05375	15.20185
0.0105	0.050625	15.22437
0.01075	0.05125	15.24689
0.011	0.0528125	15.2694
0.01125	0.0540625	15.29192
0.0115	0.059375	15.31445
0.01175	0.0665625	15.33698
0.012	0.0734375	15.3595
0.01225	0.074375	15.38201
0.0125	0.074375	15.40451
0.01275	0.066875	15.427
0.013	0.053125	15.4495
0.01325	0.04375	15.47203
0.0135	0.0359375	15.49461
0.01375	0.029375	15.51723
0.014	0.0325	15.5399
0.01425	0.0425	15.5626
0.0145	0.06	15.58532
0.01475	0.075	15.60802
0.015	0.0790625	15.63067
0.01525	0.0771875	15.65325
0.0155	0.0746875	15.67575
0.01575	0.070625	15.69818
0.016	0.0709375	15.72056
0.01625	0.07125	15.74287
0.0165	0.0740625	15.76512
0.01675	0.071875	15.7873
0.017	0.064375	15.80941
0.01725	0.0584375	15.83148
0.0175	0.0525	15.85352
0.01775	0.0521875	15.87552
0.018	0.0584375	15.8975
0.01825	0.06625	15.91942
0.0185	0.078125	15.94127
0.01875	0.08375	15.96302
0.019	0.0878125	15.98465
0.01925	0.09125	16.00615
0.0195	0.0896875	16.0275
0.01975	0.0934375	16.04872
0.02	0.0934375	16.06979
0.02025	0.0915625	16.09071
0.0205	0.084375	16.11151
0.02075	0.075	16.1322
0.021	0.065625	16.15282
0.02125	0.05625	16.17338
0.0215	0.0478125	16.19392
0.02175	0.0496875	16.21446
0.022	0.0459375	16.235
0.02225	0.046875	16.25556
0.0225	0.0490625	16.27612
0.02275	0.0453125	16.29669
0.023	0.0471875	16.31725
0.02325	0.051875	16.3378
0.0235	0.0546875	16.35831
0.02375	0.060625	16.37878
0.024	0.06125	16.3992
0.02425	0.0621875	16.41957
0.0245	0.06	16.43987
0.02475	0.05625	16.46013
0.025	0.049375	16.48035
0.02525	0.041875	16.50054
0.0255	0.0425	16.52071
0.02575	0.050625	16.54087
0.026	0.064375	16.56101
0.02625	0.0915625	16.5811
0.0265	0.1159375	16.60109
0.02675	0.1175	16.62091
0.027	0.1009375	16.64057
0.02725	0.0803125	16.66011
0.0275	0.0665625	16.6796
0.02775	0.043125	16.69906
0.028	0.016875	16.71853
0.02825	-0.0234375	16.73804
0.0285	-0.07625	16.75757
0.02875	-0.1353125	16.77707
0.029	-0.211875	16.79635
0.02925	-0.3484375	16.81502
0.0295	-0.5015625	16.83196
0.02975	-0.5971875	16.84527
0.03	-0.664375	16.85342
0.03025	-0.735	16.85516
0.0305	-0.7634375	16.84906
0.03075	-0.675625	16.83447
0.031	-0.495	16.81324
0.03125	-0.2928125	16.78846
0.0315	-0.0946875	16.76247
0.03175	0.055625	16.73639
0.032	0.1315625	16.71031
0.03225	0.1696875	16.68401
0.0325	0.165	16.65732
0.03275	0.173125	16.63026
0.033	0.1765625	16.60278
0.03325	0.171875	16.57486
0.0335	0.1746875	16.54652
0.03375	0.1759375	16.51775
0.034	0.1665625	16.48852
0.03425	0.1475	16.45888
0.0345	0.125625	16.42892
0.03475	0.116875	16.39872
0.035	0.1075	16.36831
0.03525	0.1009375	16.33772
0.0355	0.105	16.30696
0.03575	0.1084375	16.27602
0.036	0.1309375	16.24489
0.03625	0.1678125	16.21347
0.0365	0.19875	16.18161
0.03675	0.2253125	16.14911
0.037	0.2396875	16.1158
0.03725	0.2478125	16.08156
0.0375	0.2359375	16.04632
0.03775	0.2084375	16.01017
0.038	0.183125	15.97328
0.03825	0.1640625	15.9358
0.0385	0.1525	15.89783
0.03875	0.151875	15.85943
0.039	0.1446875	15.8206
0.03925	0.1290625	15.78135
0.0395	0.1034375	15.74177
0.03975	0.0875	15.70193
0.04	0.0859375	15.66189
0.04025	0.091875	15.62165
0.0405	0.1065625	15.58119
0.04075	0.1146875	15.54046
0.041	0.1171875	15.49945
0.04125	0.135	15.45813
0.0415	0.1353125	15.41644
0.04175	0.1175	15.37438
0.042	0.0990625	15.33201
0.04225	0.08625	15.28941
0.0425	0.085	15.24661
0.04275	0.0846875	15.20364
0.043	0.0790625	15.16047
0.04325	0.080625	15.11715
0.0435	0.0953125	15.07365
0.04375	0.121875	15.02995
0.044	0.1634375	14.98594
0.04425	0.1928125	14.94142
0.0445	0.196875	14.89622
0.04475	0.1759375	14.8503
0.045	0.1259375	14.8038
0.04525	0.0609375	14.75697
0.0455	0.014375	14.71002
0.04575	-0.00625	14.66301
0.046	0.0015625	14.61594
0.04625	0.0421875	14.5688
0.0465	0.0890625	14.52156
0.04675	0.12	14.47411
0.047	0.150625	14.42635
0.04725	0.180625	14.37813
0.0475	0.1871875	14.32928
0.04775	0.1834375	14.27975
0.048	0.1771875	14.22957
0.04825	0.1715625	14.17878
0.0485	0.1684375	14.12741
0.04875	0.16625	14.07546
0.049	0.1703125	14.02296
0.04925	0.164375	13.96987
0.0495	0.1571875	13.91624
0.04975	0.1490625	13.86212
0.05	0.14	13.80753
0.05025	0.1371875	13.75253
0.0505	0.135625	13.69709
0.05075	0.1284375	13.64129
0.051	0.12	13.58954
0.05125	0.1078125	13.54718
0.0515	0.1034375	13.50665
0.05175	0.0953125	13.46584
0.052	0.08875	13.42477
0.05225	0.0853125	13.38347
0.0525	0.0828125	13.34194
0.05275	0.0778125	13.30019
0.053	0.07875	13.25823
0.05325	0.074375	13.21605
0.0535	0.0715625	13.17368
0.05375	0.0665625	13.13111
0.054	0.0634375	13.08837
0.05425	0.06125	13.04546
0.0545	0.0565625	13.00237
0.05475	0.05625	12.95912
0.055	0.0559375	12.91571
0.05525	0.0525	12.87214
0.0555	0.0553125	12.82841
0.05575	0.053125	12.78452
0.056	0.0503125	12.74046
0.05625	0.0509375	12.69623
0.0565	0.0496875	12.65183
0.05675	0.0509375	12.60726
0.057	0.0515625	12.56252
0.05725	0.050625	12.5176
0.0575	0.0503125	12.47252
0.05775	0.0528125	12.42726
0.058	0.056875	12.38184
0.05825	0.05875	12.33625
0.0585	0.0590625	12.29048
0.05875	0.0640625	12.24452
0.059	0.0621875	12.19837
0.05925	0.0603125	12.15202
0.0595	0.0659375	12.10549
0.05975	0.0665625	12.05876
0.06	0.0684375	12.01183
0.06025	0.071875	11.96469
0.0605	0.0734375	11.91733
0.06075	0.075	11.86974
0.061	0.0721875	11.82192
0.06125	0.07625	11.77387
0.0615	0.0784375	11.72559
0.06175	0.0790625	11.67706
0.062	0.0815625	11.62829
0.06225	0.08	11.57928
0.0625	0.0809375	11.53005
0.06275	0.0840625	11.48058
0.063	0.0828125	11.43087
0.06325	0.0840625	11.38089
0.0635	0.0834375	11.33062
0.06375	0.0821875	11.28005
0.064	0.0853125	11.22917
0.06425	0.0815625	11.17797
0.0645	0.0834375	11.12647
0.06475	0.0790625	11.07465
0.065	0.076875	11.02256
0.06525	0.0778125	10.97022
0.0655	0.0740625	10.91762
0.06575	0.07125	10.86477
0.066	0.070625	10.81167
0.06625	0.0678125	10.75832
0.0665	0.066875	10.70471
0.06675	0.065625	10.65084
0.067	0.0628125	10.59672
0.06725	0.0590625	10.54235
0.0675	0.056875	10.48771
0.06775	0.055	10.4328
0.068	0.051875	10.3776
0.06825	0.048125	10.32211
0.0685	0.05	10.26635
0.06875	0.0465625	10.21032
0.069	0.045625	10.15403
0.06925	0.0446875	10.09751
0.0695	0.0403125	10.04076
0.06975	0.0384375	9.9838
0.07	0.038125	9.926616
0.07025	0.0353125	9.869215
0.0705	0.0353125	9.811597
0.07075	0.0328125	9.753736
0.071	0.035	9.695607
0.07125	0.03375	9.637174
0.0715	0.031875	9.57842
0.07175	0.033125	9.519324
0.072	0.0296875	9.459867
0.07225	0.0315625	9.400051
0.0725	0.03625	9.339862
0.07275	0.031875	9.279287
0.073	0.0321875	9.218326
0.07325	0.0346875	9.156971
0.0735	0.03375	9.095212
0.07375	0.0371875	9.033055
0.074	0.036875	8.970502
0.07425	0.03875	8.907579
0.0745	0.0403125	8.844299
0.07475	0.0403125	8.780651
0.075	0.0459375	8.716625
0.07525	0.04625	8.652182
0.0755	0.0490625	8.587296
0.07575	0.0528125	8.521941
0.076	0.053125	8.456092
0.07625	0.0553125	8.389748
0.0765	0.0575	8.322919
0.07675	0.0590625	8.255643
0.077	0.061875	8.187985
0.07725	0.0628125	8.119918
0.0775	0.0646875	8.051379
0.07775	0.06625	7.982289
0.078	0.0659375	7.912599
0.07825	0.068125	7.842256
0.0785	0.069375	7.771211
0.07875	0.07125	7.699446
0.079	0.0746875	7.627019
0.07925	0.073125	7.554095
0.0795	0.0753125	7.481115
0.07975	0.0775	7.409343
0.08	0.07625	7.341008
0.08025	0.07625	7.278011
0.0805	0.0765625	7.221938
0.08075	0.07875	7.174661
0.081	0.078125	7.13708
0.08125	0.0765625	7.107146
0.0815	0.0778125	7.081268
0.08175	0.073125	7.056688
0.082	0.07375	7.032079
0.08225	0.07375	7.007317
0.0825	0.0675	6.982632
0.08275	0.06875	6.958253
0.083	0.066875	6.934136
0.08325	0.06625	6.910339
0.0835	0.0653125	6.886888
0.08375	0.0634375	6.863747
0.084	0.0596875	6.840943
0.08425	0.05875	6.8185
0.0845	0.0553125	6.796366
0.08475	0.056875	6.774455
0.085	0.0528125	6.752659
0.08525	0.0534375	6.730969
0.0855	0.0509375	6.70936
0.08575	0.04875	6.687816
0.086	0.048125	6.666359
0.08625	0.0459375	6.644997
0.0865	0.0453125	6.623842
0.08675	0.0434375	6.60311
0.087	0.040625	6.583044
0.08725	0.0396875	6.563895
0.0875	0.0396875	6.545814
0.08775	0.0384375	6.528899
0.088	0.0365625	6.513085
0.08825	0.036875	6.498156
0.0885	0.0375	6.483914
0.08875	0.0390625	6.470208
0.089	0.0353125	6.456933
0.08925	0.03875	6.444083
0.0895	0.0384375	6.431594
0.08975	0.036875	6.419398
0.09	0.0396875	6.407391
0.09025	0.0390625	6.395508
0.0905	0.040625	6.383755
0.09075	0.0428125	6.372146
0.091	0.0428125	6.360725
0.09125	0.0440625	6.349531
0.0915	0.04375	6.338566
0.09175	0.04625	6.327914
0.092	0.050625	6.317573
0.09225	0.0521875	6.307436
0.0925	0.0553125	6.297419
0.09275	0.0571875	6.287461
0.093	0.0578125	6.277556
0.09325	0.0628125	6.267698
0.0935	0.0615625	6.257841
0.09375	0.0640625	6.248007
0.094	0.06625	6.238233
0.09425	0.0659375	6.228626
0.0945	0.0678125	6.219434
0.09475	0.07	6.210851
0.095	0.0721875	6.202905
0.09525	0.07375	6.195439
0.0955	0.0753125	6.188143
0.09575	0.0771875	6.180774
0.096	0.076875	6.173253
0.09625	0.076875	6.165592
0.0965	0.07875	6.157797
0.09675	0.078125	6.149894
0.097	0.07875	6.142016
0.09725	0.080625	6.134276
0.0975	0.0775	6.126816
0.09775	0.0796875	6.119864
0.098	0.0784375	6.113439
0.09825	0.0790625	6.107532
0.0985	0.0775	6.102096
0.09875	0.074375	6.097093
0.099	0.075625	6.092528
0.09925	0.073125	6.088378
0.0995	0.0734375	6.084691
0.09975	0.075625	6.081425
0.1	0.071875	6.078522
0.10025	0.0715625	6.075957
0.1005	0.0696875	6.073673
0.10075	0.066875	6.071656
0.101	0.06625	6.069911
0.10125	0.066875	6.068396
0.1015	0.064375	6.067066
0.10175	0.0603125	6.065876
0.102	0.0565625	6.064813
0.10225	0.05625	6.063863
0.1025	0.05375	6.062998
0.10275	0.054375	6.062213
0.103	0.05125	6.061498
0.10325	0.046875	6.060846
0.1035	0.046875	6.060279
0.10375	0.0475	6.059775
0.104	0.045	6.059328
0.10425	0.0434375	6.058923
0.1045	0.0421875	6.058553
0.10475	0.043125	6.058212
0.105	0.041875	6.057886
0.10525	0.0425	6.057576
0.1055	0.04375	6.057281
0.10575	0.04375	6.056985
0.106	0.0446875	6.056691
0.10625	0.044375	6.056392
0.1065	0.04375	6.056079
0.10675	0.0459375	6.055757
0.107	0.0465625	6.055418
0.10725	0.0453125	6.055069
0.1075	0.0490625	6.054726
0.10775	0.0490625	6.054373
0.108	0.05	6.054014
0.10825	0.0509375	6.053651
0.1085	0.0509375	6.053283
0.10875	0.0521875	6.052915
0.109	0.0528125	6.052542
0.10925	0.0571875	6.052175
0.1095	0.05875	6.051791
0.10975	0.058125	6.051381
0.11	0.0646875	6.050964
0.11025	0.0634375	6.050515
0.1105	0.06375	6.050042
0.11075	0.0671875	6.049553
0.111	0.0671875	6.049037
0.11125	0.0684375	6.048503
0.1115	0.07	6.047944
0.11175	0.0721875	6.047378
0.112	0.075625	6.046803
0.11225	0.075	6.046208
0.1125	0.07625	6.0456
0.11275	0.075625	6.044955
0.113	0.07125	6.044275
0.11325	0.0709375	6.043599
0.1135	0.07	6.042921
0.11375	0.07	6.042255
0.114	0.0734375	6.041603
0.11425	0.07375	6.040939
0.1145	0.0765625	6.040279
0.11475	0.0771875	6.039599
0.115	0.075	6.038896
0.11525	0.076875	6.038177
0.1155	0.074375	6.037413
0.11575	0.0734375	6.036624
0.116	0.07375	6.035804
0.11625	0.070625	6.034941
0.1165	0.0740625	6.03405
0.11675	0.0725	6.033097
0.117	0.0684375	6.032093
0.11725	0.069375	6.03106
0.1175	0.064375	6.029975
0.11775	0.063125	6.028854
0.118	0.0609375	6.027699
0.11825	0.05875	6.026507
0.1185	0.056875	6.025281
0.11875	0.0559375	6.024023
0.119	0.0565625	6.022737
0.11925	0.0590625	6.021405
0.1195	0.0584375	6.020013
0.11975	0.0603125	6.018559
0.12	0.059375	6.017025
0.12025	0.0575	6.01541
0.1205	0.0559375	6.01372
0.12075	0.0434375	6.011955
0.121	0.0303125	6.010167
0.12125	0.0253125	6.008393
0.1215	0.0234375	6.006643
0.12175	0.0240625	6.004925
0.122	0.02125	6.003232
0.12225	0.0246875	6.001565
0.1225	0.025625	5.999917
0.12275	0.0259375	5.998284
0.123	0.0275	5.99667
0.12325	0.028125	5.995069
0.1235	0.0284375	5.99348
0.12375	0.0371875	5.991905
0.124	0.0478125	5.990319
0.12425	0.0640625	5.98869
0.1245	0.0746875	5.98694
0.12475	0.07625	5.985012
0.125	0.075	5.982901
0.12525	0.07125	5.980613
0.1255	0.06875	5.978184
0.12575	0.06875	5.975632
0.126	0.0665625	5.97296
0.12625	0.0690625	5.970196
0.1265	0.06875	5.967323
0.12675	0.0678125	5.96435
0.127	0.0690625	5.961291
0.12725	0.064375	5.958142
0.1275	0.065	5.954945
0.12775	0.0671875	5.951698
0.128	0.0665625	5.948397
0.12825	0.0690625	5.945057
0.1285	0.07	5.941655
0.12875	0.0709375	5.938202
0.129	0.071875	5.934701
0.12925	0.07	5.931152
0.1295	0.0734375	5.927585
0.12975	0.0725	5.923975
0.13	0.0771875	5.920331
0.13025	0.0803125	5.916634
0.1305	0.07875	5.912862
0.13075	0.080625	5.909027
0.131	0.08	5.905117
0.13125	0.078125	5.901146
0.1315	0.0771875	5.89712
0.13175	0.075625	5.893039
0.132	0.0703125	5.888921
0.13225	0.0640625	5.884781
0.1325	0.0534375	5.880658
0.13275	0.0484375	5.876614
0.133	0.0425	5.872654
0.13325	0.04	5.868799
0.1335	0.0359375	5.865055
0.13375	0.025625	5.861419
0.134	0.0221875	5.857918
0.13425	0.0171875	5.854552
0.1345	0.015	5.851311
0.13475	0.0209375	5.848191
0.135	0.029375	5.845172
0.13525	0.0403125	5.842236
0.1355	0.0471875	5.839337
0.13575	0.0484375	5.836448
0.136	0.04625	5.833559
0.13625	0.0421875	5.830669
0.1365	0.0415625	5.827793
0.13675	0.0465625	5.824923
0.137	0.0565625	5.822041
0.13725	0.0659375	5.819102
0.1375	0.0721875	5.816049
0.13775	0.076875	5.812843
0.138	0.08625	5.809461
0.13825	0.088125	5.805828
0.1385	0.08375	5.801924
0.13875	0.074375	5.797785
0.139	0.061875	5.793465
0.13925	0.0534375	5.789038
0.1395	0.048125	5.784543
0.13975	0.0515625	5.780008
0.14	0.055	5.77542
0.14025	0.0559375	5.770763
0.1405	0.0590625	5.766038
0.14075	0.0575	5.761229
0.141	0.0559375	5.756341
0.14125	0.0571875	5.751388
0.1415	0.0525	5.746358
0.14175	0.051875	5.741279
0.142	0.0521875	5.736158
0.14225	0.0503125	5.730994
0.1425	0.0509375	5.725804
0.14275	0.0503125	5.72059
0.143	0.0528125	5.715364
0.14325	0.0515625	5.710117
0.1435	0.0503125	5.704859
0.14375	0.054375	5.699607
0.144	0.0546875	5.694338
0.14425	0.0553125	5.689065
0.1445	0.0596875	5.683791
0.14475	0.0575	5.678493
0.145	0.0596875	5.673193
0.14525	0.063125	5.667888
0.1455	0.0634375	5.662567
0.14575	0.06625	5.657243
0.146	0.0675	5.651902
0.14625	0.0721875	5.646546
0.1465	0.0753125	5.64115
0.14675	0.0759375	5.635692
0.147	0.0775	5.630179
0.14725	0.0725	5.624598
0.1475	0.0690625	5.618987
0.14775	0.0703125	5.613374
0.148	0.0640625	5.607746
0.14825	0.0671875	5.602151
0.1485	0.0675	5.59656
0.14875	0.065	5.590978
0.149	0.06625	5.585419
0.14925	0.066875	5.579859
0.1495	0.0671875	5.574307
0.14975	0.0678125	5.568754
0.15	0.068125	5.56319
0.15025	0.0690625	5.557634
0.1505	0.066875	5.552068
0.15075	0.06375	5.546509
0.151	0.0625	5.540972
0.15125	0.059375	5.535451
0.1515	0.0609375	5.52995
0.15175	0.059375	5.524463
0.152	0.053125	5.518994
0.15225	0.0534375	5.513557
0.1525	0.05125	5.508134
0.15275	0.049375	5.502726
0.153	0.0490625	5.497331
0.15325	0.04875	5.491947
0.1535	0.0475	5.48657
0.15375	0.045625	5.481187
0.154	0.045625	5.475799
0.15425	0.041875	5.47041
0.1545	0.036875	5.465027
0.15475	0.036875	5.459666
0.155	0.034375	5.454325
0.15525	0.0334375	5.449008
0.1555	0.0353125	5.443711
0.15575	0.0315625	5.438427
0.156	0.029375	5.433168
0.15625	0.0309375	5.427935
0.1565	0.0278125	5.42273
0.15675	0.0265625	5.417564
0.157	0.0309375	5.412435
0.15725	0.0353125	5.407336
0.1575	0.0415625	5.402259
0.15775	0.0421875	5.397176
0.158	0.044375	5.392096
0.15825	0.044375	5.387007
0.1585	0.0421875	5.381915
0.15875	0.0428125	5.376828
0.159	0.04	5.371743
0.15925	0.041875	5.366679
0.1595	0.0434375	5.361634
0.15975	0.044375	5.356611
0.16	0.045625	5.351612
0.16025	0.0490625	5.346627
0.1605	0.0459375	5.34166
0.16075	0.0478125	5.336718
0.161	0.0471875	5.331798
0.16125	0.050625	5.326922
0.1615	0.0546875	5.32208
0.16175	0.0596875	5.31726
0.162	0.0625	5.312448
0.16225	0.0640625	5.30764
0.1625	0.0634375	5.302836
0.16275	0.05875	5.298043
0.163	0.05625	5.293294
0.16325	0.0571875	5.288607
0.1635	0.05625	5.283963
0.16375	0.056875	5.279369
0.164	0.0596875	5.274828
0.16425	0.059375	5.270326
0.1645	0.06125	5.265888
0.16475	0.0634375	5.261505
0.165	0.0628125	5.257182
0.16525	0.0640625	5.252924
0.1655	0.0615625	5.248708
0.16575	0.061875	5.244558
0.166	0.06125	5.240453
0.16625	0.060625	5.236388
0.1665	0.0609375	5.232363
0.16675	0.0578125	5.228364
0.167	0.0590625	5.224417
0.16725	0.060625	5.220511
0.1675	0.05625	5.216628
0.16775	0.0553125	5.212799
0.168	0.0559375	5.209009
0.16825	0.0509375	5.205248
0.1685	0.0509375	5.201538
0.16875	0.0503125	5.197876
0.169	0.0490625	5.194271
0.16925	0.045625	5.190723
0.1695	0.0440625	5.187245
0.16975	0.0434375	5.183847
0.17	0.0409375	5.180519
0.17025	0.040625	5.177262
0.1705	0.0403125	5.174058
0.17075	0.036875	5.17089
0.171	0.0384375	5.167756
0.17125	0.0375	5.164621
0.1715	0.03625	5.161465
0.17175	0.0384375	5.15829
0.172	0.0365625	5.155092
0.17225	0.035	5.151887
0.1725	0.0346875	5.148679
0.17275	0.0315625	5.145483
0.173	0.0328125	5.142311
0.17325	0.03375	5.139157
0.1735	0.0328125	5.136032
0.17375	0.034375	5.132953
0.174	0.0328125	5.129912
0.17425	0.0334375	5.126937
0.1745	0.0325	5.124051
0.17475	0.0321875	5.121309
0.175	0.035	5.118763
0.17525	0.033125	5.116417
0.1755	0.035625	5.114273
0.17575	0.0371875	5.112298
0.176	0.036875	5.110459
0.17625	0.040625	5.108738
0.1765	0.04	5.107093
0.17675	0.0396875	5.105508
0.177	0.0425	5.103963
0.17725	0.0428125	5.102444
0.1775	0.046875	5.100979
0.17775	0.0471875	5.099581
0.178	0.048125	5.098271
0.17825	0.0515625	5.097035
0.1785	0.048125	5.095817
0.17875	0.053125	5.094614
0.179	0.0553125	5.093392
0.17925	0.055	5.092149
0.1795	0.0590625	5.090905
0.17975	0.0590625	5.089644
0.18	0.056875	5.088385
0.18025	0.0596875	5.087142
0.1805	0.06	5.085934
0.18075	0.060625	5.084797
0.181	0.060625	5.083753
0.18125	0.061875	5.082859
0.1815	0.0603125	5.082212
0.18175	0.059375	5.081922
0.182	0.06125	5.082084
0.18225	0.0609375	5.082653
0.1825	0.0603125	5.083541
0.18275	0.0646875	5.08466
0.183	0.065	5.085871
0.18325	0.06375	5.087128
0.1835	0.0634375	5.088403
0.18375	0.05875	5.089673
0.184	0.0596875	5.090948
0.18425	0.0584375	5.092215
0.1845	0.055	5.093506
0.18475	0.05375	5.094882
0.185	0.050625	5.096369
0.18525	0.05	5.097964
0.1855	0.0484375	5.09962
0.18575	0.0459375	5.101298
0.186	0.04625	5.10298
0.18625	0.04375	5.104646
0.1865	0.0440625	5.106297
0.18675	0.0421875	5.10793
0.187	0.0415625	5.109549
0.18725	0.0434375	5.111159
0.1875	0.0425	5.112759
0.18775	0.0415625	5.114378
0.188	0.0453125	5.11605
0.18825	0.0409375	5.117789
0.1885	0.0409375	5.119652
0.18875	0.04125	5.12164
0.189	0.036875	5.123725
0.18925	0.03625	5.125881
0.1895	0.0371875	5.128064
0.18975	0.0378125	5.130262
0.19	0.0396875	5.132466
0.19025	0.0403125	5.13468
0.1905	0.04125	5.136911
0.19075	0.040625	5.13915
0.191	0.0396875	5.141394
0.19125	0.039375	5.143646
0.1915	0.036875	5.145922
0.19175	0.0384375	5.14828
0.192	0.04125	5.150759
0.19225	0.0390625	5.153375
0.1925	0.039375	5.156147
0.19275	0.04	5.159091
0.193	0.0403125	5.162164
0.19325	0.04	5.165271
0.1935	0.0409375	5.168367
0.19375	0.039375	5.171459
0.194	0.0403125	5.174583
0.19425	0.04375	5.177806
0.1945	0.0434375	5.181219
0.19475	0.0440625	5.184924
0.195	0.0459375	5.189075
0.19525	0.0475	5.193796
0.1955	0.0471875	5.199141
0.19575	0.0521875	5.205093
0.196	0.0503125	5.211554
0.19625	0.0525	5.218438
0.1965	0.0534375	5.225647
0.19675	0.0534375	5.233127
0.197	0.055625	5.240859
0.19725	0.0553125	5.248812
0.1975	0.05625	5.256994
0.19775	0.0571875	5.26539
0.198	0.0584375	5.273999
0.19825	0.0596875	5.282838
0.1985	0.058125	5.291892
0.19875	0.05875	5.301166
0.199	0.0615625	5.310657
0.19925	0.059375	5.320307
0.1995	0.060625	5.33009
0.19975	0.0634375	5.339949
0.2	0.05875	5.349843
0.20025	0.0646875	5.359797
0.2005	0.0653125	5.369774
0.20075	0.065625	5.379794
0.201	0.0671875	5.389869
0.20125	0.0659375	5.399992
0.2015	0.0615625	5.410163
0.20175	0.0615625	5.420362
0.202	0.063125	5.430582
0.20225	0.060625	5.4408
0.2025	0.0575	5.451
0.20275	0.0553125	5.461183
0.203	0.053125	5.471343
0.20325	0.0503125	5.481478
0.2035	0.0515625	5.4916
0.20375	0.0478125	5.501697
0.204	0.045	5.511785
0.20425	0.0459375	5.521885
0.2045	0.0440625	5.531993
0.20475	0.045	5.542123
0.205	0.045625	5.552263
0.20525	0.0421875	5.5624
0.2055	0.0403125	5.572527
0.20575	0.0375	5.582619
0.206	0.0378125	5.592675
0.20625	0.0346875	5.60269
0.2065	0.0371875	5.612672
0.20675	0.0384375	5.622623
0.207	0.0359375	5.63253
0.20725	0.036875	5.642385
0.2075	0.0390625	5.652185
0.20775	0.0365625	5.661939
0.208	0.0378125	5.671704
0.20825	0.038125	5.681542
0.2085	0.0378125	5.691495
0.20875	0.0371875	5.701535
0.209	0.0378125	5.711592
0.20925	0.04	5.721608
0.2095	0.0409375	5.731634
0.20975	0.04125	5.741778
0.21	0.041875	5.7521
0.21025	0.0396875	5.762574
0.2105	0.0396875	5.773176
0.21075	0.039375	5.783874
0.211	0.04	5.794665
0.21125	0.045	5.805604
0.2115	0.0478125	5.816697
0.21175	0.0490625	5.827956
0.212	0.0528125	5.839384
0.21225	0.05375	5.850959
0.2125	0.054375	5.862685
0.21275	0.055	5.874569
0.213	0.055625	5.886569
0.21325	0.059375	5.898653
0.2135	0.0590625	5.910784
0.21375	0.0596875	5.922958
0.214	0.063125	5.935159
0.21425	0.0640625	5.947364
0.2145	0.066875	5.959575
0.21475	0.068125	5.971766
0.215	0.0696875	5.983943
0.21525	0.069375	5.996103
0.2155	0.0671875	6.008238
0.21575	0.068125	6.020373
0.216	0.064375	6.032508
0.21625	0.0628125	6.044669
0.2165	0.0615625	6.056864
0.21675	0.06	6.069084
0.217	0.059375	6.081317
0.21725	0.0603125	6.093537
0.2175	0.06125	6.105723
0.21775	0.0621875	6.117866
0.218	0.0609375	6.129946
0.21825	0.060625	6.141977
0.2185	0.0603125	6.153972
0.21875	0.0628125	6.165924
0.219	0.0659375	6.177827
0.21925	0.064375	6.189667
0.2195	0.063125	6.20145
0.21975	0.0625	6.213177
0.22	0.0578125	6.224847
0.22025	0.0521875	6.236477
0.2205	0.0459375	6.248087
0.22075	0.0390625	6.259695
0.221	0.03375	6.271325
0.22125	0.0334375	6.282977
0.2215	0.031875	6.294665
0.22175	0.03625	6.306383
0.222	0.0390625	6.318107
0.22225	0.0428125	6.329838
0.2225	0.0453125	6.341558
0.22275	0.0484375	6.353253
0.223	0.0490625	6.364914
0.22325	0.048125	6.37653
0.2235	0.053125	6.388106
0.22375	0.0575	6.399624
0.224	0.056875	6.411066
0.22425	0.0596875	6.422433
0.2245	0.0609375	6.433713
0.22475	0.0634375	6.444896
0.225	0.0684375	6.455971
0.22525	0.070625	6.466912
0.2255	0.0696875	6.477708
0.22575	0.0675	6.488361
0.226	0.060625	6.498883
0.22625	0.0540625	6.509318
0.2265	0.044375	6.519691
0.22675	0.0303125	6.530041
0.227	0.01125	6.540407
0.22725	-0.0109375	6.550821
0.2275	-0.03375	6.561285
0.22775	-0.0553125	6.571762
0.228	-0.0615625	6.582184
0.22825	-0.0565625	6.592527
0.2285	-0.0409375	6.602815
0.22875	-0.0215625	6.613119
0.229	-0.003125	6.623478
0.22925	0.0134375	6.633913
0.2295	0.0296875	6.644425
0.22975	0.0375	6.654988
0.23	0.040625	6.665584
0.23025	0.04375	6.67621
0.2305	0.0509375	6.686853
0.23075	0.060625	6.697494
0.231	0.070625	6.708098
0.23125	0.0840625	6.718616
0.2315	0.10625	6.728974
0.23175	0.12625	6.739023
0.232	0.14	6.7486
0.23225	0.13625	6.757569
0.2325	0.1246875	6.765975
0.23275	0.1125	6.773936
0.233	0.0965625	6.78155
0.23325	0.089375	6.788955
0.2335	0.0840625	6.796198
0.23375	0.079375	6.803309
0.234	0.0759375	6.810318
0.23425	0.07875	6.817235
0.2345	0.085625	6.824051
0.23475	0.09625	6.830717
0.235	0.100625	6.837157
0.23525	0.0959375	6.843345
0.2355	0.08125	6.849305
0.23575	0.0634375	6.855134
0.236	0.046875	6.860927
0.23625	0.0353125	6.866736
0.2365	0.03375	6.8726
0.23675	0.0371875	6.878517
0.237	0.0359375	6.884476
0.23725	0.029375	6.890473
0.2375	0.0165625	6.896523
0.23775	-0.0021875	6.902646
0.238	-0.020625	6.908848
0.23825	-0.0321875	6.915118
0.2385	-0.0334375	6.921439
0.23875	-0.0271875	6.927799
0.239	-0.020625	6.934212
0.23925	-0.0125	6.940686
0.2395	0.003125	6.947219
0.23975	0.0225	6.953815
0.24	0.03	6.960459
0.24025	0.029375	6.967135
0.2405	0.0315625	6.973847
0.24075	0.02625	6.980588
0.241	0.0084375	6.987371
0.24125	-0.0121875	6.994215
0.2415	-0.0321875	7.001115
0.24175	-0.0540625	7.008041
0.242	-0.0725	7.014922
0.24225	-0.080625	7.021678
0.2425	-0.0825	7.028268
0.24275	-0.08875	7.034674
0.243	-0.0778125	7.040861
0.24325	-0.0465625	7.046896
0.2435	-0.0084375	7.052912
0.24375	0.024375	7.058985
0.244	0.044375	7.065097
0.24425	0.0671875	7.071198
0.2445	0.094375	7.077205
0.24475	0.1140625	7.082966
0.245	0.1384375	7.088338
0.24525	0.1578125	7.093111
0.2455	0.165625	7.097096
0.24575	0.1615625	7.100205
0.246	0.1525	7.102484
0.24625	0.1371875	7.104047
0.2465	0.1228125	7.105047
0.24675	0.1109375	7.105617
0.247	0.1059375	7.105855
0.24725	0.10125	7.105798
0.2475	0.1015625	7.105482
0.24775	0.10375	7.104909
0.248	0.106875	7.104065
0.24825	0.1109375	7.102931
0.2485	0.1134375	7.101479
0.24875	0.110625	7.099698
0.249	0.1115625	7.097604
0.24925	0.104375	7.095188
0.2495	0.0953125	7.092514
0.24975	0.0834375	7.089642
0.25	0.0765625	7.086644
0.25025	0.0753125	7.083571
0.2505	0.074375	7.080417
0.25075	0.08	7.077207
0.251	0.08625	7.073906
0.25125	0.0884375	7.070485
0.2515	0.0875	7.066938
0.25175	0.07875	7.063268
0.252	0.075	7.05952
0.25225	0.0721875	7.055713
0.2525	0.0675	7.051863
0.25275	0.0615625	7.047997
0.253	0.0578125	7.04414
0.25325	0.054375	7.040308
0.2535	0.0540625	7.036526
0.25375	0.05125	7.032781
0.254	0.053125	7.029082
0.25425	0.056875	7.025397
0.2545	0.0578125	7.021693
0.25475	0.0625	7.017953
0.255	0.0634375	7.014146
0.25525	0.0590625	7.010258
0.2555	0.0521875	7.006309
0.25575	0.0378125	7.002319
0.256	0.0271875	6.998337
0.25625	0.0284375	6.994387
0.2565	0.0290625	6.990469
0.25675	0.0353125	6.98658
0.257	0.0309375	6.982711
0.25725	0.018125	6.978872
0.2575	-0.0034375	6.975089
0.25775	-0.0221875	6.971371
0.258	-0.0465625	6.967706
0.25825	-0.0725	6.964032
0.2585	-0.08375	6.960243
0.25875	-0.075	6.956281
0.259	-0.05125	6.952196
0.25925	-0.0021875	6.948094
0.2595	0.0528125	6.944071
0.25975	0.089375	6.940029
0.26	0.1025	6.935789
0.26025	0.0978125	6.931255
0.2605	0.0884375	6.926463
0.26075	0.0790625	6.921469
0.261	0.07875	6.916329
0.26125	0.09375	6.91104
0.2615	0.1003125	6.905512
0.26175	0.1040625	6.899709
0.262	0.1040625	6.893598
0.26225	0.0996875	6.887183
0.2625	0.1009375	6.880501
0.26275	0.101875	6.873544
0.263	0.0934375	6.866307
0.26325	0.08875	6.858851
0.2635	0.0853125	6.851201
0.26375	0.08375	6.843385
0.264	0.08	6.835413
0.26425	0.0784375	6.827309
0.2645	0.0784375	6.819085
0.26475	0.075	6.810748
0.265	0.078125	6.802323
0.26525	0.0778125	6.793798
0.2655	0.075	6.785178
0.26575	0.078125	6.776479
0.266	0.081875	6.767678
0.26625	0.0834375	6.758756
0.2665	0.08375	6.749696
0.26675	0.0790625	6.740489
0.267	0.073125	6.731158
0.26725	0.0653125	6.721736
0.2675	0.0578125	6.712259
0.26775	0.05375	6.702769
0.268	0.051875	6.693285
0.26825	0.055625	6.683814
0.2685	0.06	6.674344
0.26875	0.0603125	6.664857
0.269	0.06375	6.655355
0.26925	0.064375	6.645823
0.2695	0.064375	6.636265
0.26975	0.0653125	6.626683
0.27	0.0634375	6.61707
0.27025	0.063125	6.607446
0.2705	0.0615625	6.5978
0.27075	0.0596875	6.588118
0.271	0.059375	6.578398
0.27125	0.0575	6.568624
0.2715	0.0603125	6.558797
0.27175	0.05625	6.548901
0.272	0.0534375	6.538951
0.27225	0.0546875	6.528966
0.2725	0.053125	6.51894
0.27275	0.0525	6.508892
0.273	0.05375	6.498826
0.27325	0.0503125	6.488739
0.2735	0.0509375	6.478654
0.27375	0.0509375	6.468568
0.274	0.0515625	6.458487
0.27425	0.0503125	6.448418
0.2745	0.0496875	6.438364
0.27475	0.04875	6.428338
0.275	0.048125	6.418342
0.27525	0.0478125	6.408381
0.2755	0.0465625	6.398472
0.27575	0.0453125	6.388617
0.276	0.0440625	6.378832
0.27625	0.046875	6.369112
0.2765	0.0459375	6.359426
0.27675	0.044375	6.349771
0.277	0.045	6.340123
0.27725	0.0440625	6.330464
0.2775	0.045	6.320776
0.27775	0.0446875	6.311054
0.278	0.04375	6.301321
0.27825	0.045625	6.291617
0.2785	0.0440625	6.28195
0.27875	0.04875	6.272314
0.279	0.0490625	6.262656
0.27925	0.0471875	6.25296
0.2795	0.048125	6.243219
0.27975	0.0471875	6.233432
0.28	0.04625	6.223621
0.28025	0.0484375	6.213794
0.2805	0.04875	6.203948
0.28075	0.049375	6.194091
0.281	0.0509375	6.18423
0.28125	0.0509375	6.174379
0.2815	0.0515625	6.164569
0.28175	0.0534375	6.154839
0.282	0.056875	6.145266
0.28225	0.056875	6.135925
0.2825	0.0571875	6.126898
0.28275	0.0596875	6.118164
0.283	0.05625	6.109647
0.28325	0.0590625	6.10131
0.2835	0.0571875	6.093071
0.28375	0.056875	6.084919
0.284	0.05875	6.076841
0.28425	0.0578125	6.068813
0.2845	0.0603125	6.060828
0.28475	0.058125	6.05288
0.285	0.0584375	6.044996
0.28525	0.060625	6.037213
0.2855	0.0603125	6.029538
0.28575	0.0609375	6.021957
0.286	0.0621875	6.014415
0.28625	0.0596875	6.006845
0.2865	0.0603125	5.999226
0.28675	0.06	5.991524
0.287	0.0584375	5.983746
0.28725	0.056875	5.975903
0.2875	0.0565625	5.967994
0.28775	0.055625	5.960018
0.288	0.0540625	5.951968
0.28825	0.0559375	5.943842
0.2885	0.0575	5.935645
0.28875	0.055	5.927378
0.289	0.055	5.919055
0.28925	0.055	5.910667
0.2895	0.0503125	5.902207
0.28975	0.050625	5.893696
0.29	0.0525	5.885127
0.29025	0.0503125	5.876498
0.2905	0.0496875	5.867829
0.29075	0.049375	5.859124
0.291	0.04875	5.85039
0.29125	0.0475	5.841619
0.2915	0.048125	5.832802
0.29175	0.0490625	5.823934
0.292	0.0475	5.81503
0.29225	0.0490625	5.806132
0.2925	0.0471875	5.797291
0.29275	0.044375	5.788543
0.293	0.0453125	5.779905
0.29325	0.04625	5.77139
0.2935	0.044375	5.762961
0.29375	0.045625	5.754538
0.294	0.045	5.746073
0.29425	0.04625	5.737584
0.2945	0.0471875	5.729089
0.29475	0.04625	5.720641
0.295	0.04625	5.712342
0.29525	0.048125	5.704271
0.2955	0.050625	5.696561
0.29575	0.050625	5.689332
0.296	0.049375	5.682635
0.29625	0.0521875	5.676449
0.2965	0.0525	5.670702
0.29675	0.0525	5.665303
0.297	0.0525	5.660172
0.29725	0.0509375	5.65524
0.2975	0.0503125	5.650499
0.29775	0.053125	5.645928
0.298	0.0534375	5.641517
0.29825	0.0534375	5.637281
0.2985	0.055	5.63323
0.29875	0.0571875	5.629379
0.299	0.056875	5.625735
0.29925	0.055	5.622291
0.2995	0.0565625	5.619061
0.29975	0.0575	5.616005
0.3	0.0565625	5.613082
0.30025	0.0584375	5.610248
0.3005	0.05875	5.607471
0.30075	0.06	5.604746
0.301	0.059375	5.602055
0.30125	0.0615625	5.599424
0.3015	0.063125	5.596863
0.30175	0.0634375	5.59438
0.302	0.0659375	5.591983
0.30225	0.0646875	5.589622
0.3025	0.06375	5.587275
0.30275	0.0684375	5.584927
0.303	0.0696875	5.582511
0.30325	0.0728125	5.579982
0.3035	0.0771875	5.577305
0.30375	0.074375	5.574439
0.304	0.0725	5.571398
0.30425	0.06625	5.568194
0.3045	0.05875	5.56488
0.30475	0.05125	5.561543
0.305	0.045625	5.558267
0.30525	0.0409375	5.555145
0.3055	0.039375	5.55223
0.30575	0.0375	5.549501
0.306	0.04375	5.546926
0.30625	0.04375	5.544401
0.3065	0.046875	5.541875
0.30675	0.0471875	5.539334
0.307	0.048125	5.536775
0.30725	0.048125	5.534217
0.3075	0.0509375	5.531671
0.30775	0.0490625	5.529111
0.308	0.051875	5.526529
0.30825	0.05	5.523918
0.3085	0.0528125	5.521321
0.30875	0.0540625	5.518785
0.309	0.0540625	5.516326
0.30925	0.0565625	5.513897
0.3095	0.055625	5.511402
0.30975	0.055625	5.508782
0.31	0.0571875	5.506105
0.31025	0.055	5.503488
0.3105	0.055	5.501005
0.31075	0.0559375	5.498619
0.311	0.0534375	5.496271
0.31125	0.0525	5.493936
0.3115	0.05375	5.491615
0.31175	0.0540625	5.489365
0.312	0.05125	5.487214
0.31225	0.05	5.485195
0.3125	0.0521875	5.483307
0.31275	0.0503125	5.481521
0.313	0.0509375	5.479861
0.31325	0.0525	5.47835
0.3135	0.04875	5.476962
0.31375	0.0478125	5.475714
0.314	0.0496875	5.474617
0.31425	0.04875	5.473685
0.3145	0.0484375	5.47294
0.31475	0.0496875	5.472421
0.315	0.0503125	5.472153
0.31525	0.05125	5.472136
0.3155	0.0509375	5.472379
0.31575	0.0528125	5.472869
0.316	0.0515625	5.473573
0.31625	0.0534375	5.474509
0.3165	0.0534375	5.475677
0.31675	0.0525	5.477062
0.317	0.05125	5.478659
0.31725	0.0534375	5.480426
0.3175	0.0528125	5.482322
0.31775	0.055	5.484311
0.318	0.055625	5.486346
0.31825	0.054375	5.488408
0.3185	0.0565625	5.490501
0.31875	0.0584375	5.492621
0.319	0.059375	5.494767
0.31925	0.056875	5.496936
0.3195	0.0578125	5.499165
0.31975	0.06	5.501464
0.32	0.060625	5.50384
0.32025	0.0646875	5.506318
0.3205	0.0653125	5.508852
0.32075	0.06125	5.511424
0.321	0.0603125	5.514042
0.32125	0.0590625	5.516682
0.3215	0.05875	5.519331
0.32175	0.056875	5.521978
0.322	0.0571875	5.524623
0.32225	0.058125	5.527266
0.3225	0.055625	5.529899
0.32275	0.0584375	5.532551
0.323	0.058125	5.535215
0.32325	0.0559375	5.537885
0.3235	0.0596875	5.540565
0.32375	0.060625	5.543225
0.324	0.0590625	5.545853
0.32425	0.0584375	5.548446
0.3245	0.0584375	5.550992
0.32475	0.0603125	5.553492
0.325	0.05875	5.555926
0.32525	0.056875	5.558284
0.3255	0.0575	5.560573
0.32575	0.055	5.562788
0.326	0.06	5.564947
0.32625	0.058125	5.567036
0.3265	0.058125	5.569085
0.32675	0.0590625	5.571121
0.327	0.0565625	5.573126
0.32725	0.0565625	5.575089
0.3275	0.0559375	5.576985
0.32775	0.0540625	5.578797
0.328	0.0553125	5.580532
0.32825	0.0546875	5.582181
0.3285	0.055	5.58376
0.32875	0.0546875	5.585301
0.329	0.053125	5.586827
0.32925	0.0553125	5.588366
0.3295	0.054375	5.589916
0.32975	0.05375	5.591476
0.33	0.056875	5.593049
0.33025	0.0521875	5.594615
0.3305	0.054375	5.596196
0.33075	0.055	5.59779
0.331	0.05375	5.599401
0.33125	0.053125	5.601046
0.3315	0.0546875	5.602722
0.33175	0.055	5.604413
0.332	0.054375	5.606107
0.33225	0.0525	5.607811
0.3325	0.05625	5.60954
0.33275	0.055625	5.611277
0.333	0.0540625	5.613021
0.33325	0.0559375	5.61479
0.3335	0.0553125	5.616565
0.33375	0.0578125	5.618353
0.334	0.0603125	5.620149
0.33425	0.0590625	5.621922
0.3345	0.0596875	5.623688
0.33475	0.05875	5.625436
0.335	0.0553125	5.627178
0.33525	0.054375	5.628925
0.3355	0.0546875	5.630677
0.33575	0.0559375	5.632453
0.336	0.0559375	5.634238
0.33625	0.054375	5.63602
0.3365	0.0534375	5.637813
0.33675	0.050625	5.639604
0.337	0.0528125	5.64141
0.33725	0.05375	5.643223
0.3375	0.05	5.645044
0.33775	0.0525	5.646891
0.338	0.053125	5.648755
0.33825	0.0528125	5.650628
0.3385	0.054375	5.652507
0.33875	0.0525	5.65438
0.339	0.053125	5.656263
0.33925	0.0525	5.658139
0.3395	0.0521875	5.660015
0.33975	0.0559375	5.661907
0.34	0.0534375	5.663783
0.34025	0.0528125	5.665667
0.3405	0.0540625	5.667572
0.34075	0.05375	5.669484
0.341	0.05625	5.671402
0.34125	0.054375	5.673313
0.3415	0.053125	5.675221
0.34175	0.053125	5.677134
0.342	0.0509375	5.679056
0.34225	0.0509375	5.681008
0.3425	0.0534375	5.682996
0.34275	0.054375	5.685019
0.343	0.0528125	5.687078
0.34325	0.0515625	5.689164
0.3435	0.053125	5.691277
0.34375	0.0509375	5.693383
0.344	0.0521875	5.69545
0.34425	0.05375	5.697463
0.3445	0.051875	5.699405
0.34475	0.05125	5.701285
0.345	0.0528125	5.703118
0.34525	0.0490625	5.704897
0.3455	0.05125	5.706648
0.34575	0.0521875	5.708372
0.346	0.050625	5.710061
0.34625	0.05125	5.711727
0.3465	0.0509375	5.713357
0.34675	0.05375	5.714957
0.347	0.05375	5.716504
0.34725	0.050625	5.718002
0.3475	0.05375	5.719473
0.34775	0.051875	5.720906
0.348	0.0528125	5.722333
0.34825	0.0559375	5.723783
0.3485	0.053125	5.725256
0.34875	0.054375	5.726784
0.349	0.0571875	5.728377
0.34925	0.058125	5.730027
0.3495	0.05875	5.731737
0.34975	0.05875	5.733502
0.35	0.06	5.735322
0.35025	0.06	5.737183
0.3505	0.0596875	5.739071
0.35075	0.0609375	5.74099
0.351	0.0571875	5.742926
0.35125	0.0575	5.744897
0.3515	0.05875	5.746906
0.35175	0.06125	5.748937
0.352	0.065	5.750994
0.35225	0.0653125	5.753056
0.3525	0.058125	5.755122
0.35275	0.054375	5.757234
0.353	0.0415625	5.759396
0.35325	0.030625	5.761684
0.3535	0.0246875	5.764127
0.35375	0.0215625	5.766741
0.354	0.020625	5.769536
0.35425	0.0225	5.772486
0.3545	0.0346875	5.775583
0.35475	0.051875	5.778766
0.355	0.0684375	5.781946
0.35525	0.085625	5.785029
0.3555	0.0928125	5.787887
0.35575	0.09	5.790458
0.356	0.08375	5.79277
0.35625	0.0684375	5.794852
0.3565	0.05625	5.796806
0.35675	0.05375	5.798686
0.357	0.05375	5.800503
0.35725	0.0590625	5.802258
0.3575	0.0646875	5.803922
0.35775	0.0659375	5.805467
0.358	0.0628125	5.806886
0.35825	0.059375	5.808191
0.3585	0.0596875	5.809405
0.35875	0.0559375	5.810523
0.359	0.0478125	5.811571
0.35925	0.0403125	5.812594
0.3595	0.02875	5.813629
0.35975	0.0259375	5.814734
0.36	0.0309375	5.81593
0.36025	0.03625	5.81723
0.3605	0.0384375	5.818659
0.36075	0.0296875	5.820214
0.361	0.014375	5.821947
0.36125	0.003125	5.823934
0.3615	-0.00625	5.826195
0.36175	-0.0115625	5.82872
0.362	-0.0159375	5.831483
0.36225	-0.0159375	5.834463
0.3625	-0.006875	5.837623
0.36275	0.005	5.840922
0.363	0.023125	5.84434
0.36325	0.0375	5.84784
0.3635	0.046875	5.85138
0.36375	0.0559375	5.854937
0.364	0.0634375	5.858481
0.36425	0.071875	5.86197
0.3645	0.0815625	5.865336
0.36475	0.0925	5.868486
0.365	0.099375	5.871322
0.36525	0.1028125	5.873805
0.3655	0.1028125	5.875924
0.36575	0.1003125	5.877687
0.366	0.0971875	5.879089
0.36625	0.0975	5.880158
0.3665	0.09625	5.880928
0.36675	0.09125	5.881466
0.367	0.0890625	5.88187
0.36725	0.0809375	5.882135
0.3675	0.078125	5.882267
0.36775	0.07375	5.882259
0.368	0.069375	5.882109
0.36825	0.0671875	5.881836
0.3685	0.068125	5.881462
0.36875	0.0671875	5.881008
0.369	0.0665625	5.88054
0.36925	0.0671875	5.880123
0.3695	0.07125	5.879814
0.36975	0.0753125	5.879599
0.37	0.0809375	5.879477
0.37025	0.0875	5.879423
0.3705	0.083125	5.879346
0.37075	0.0790625	5.879246
0.371	0.07625	5.879123
0.37125	0.0690625	5.878964
0.3715	0.0628125	5.878803
0.37175	0.0590625	5.878662
0.372	0.0534375	5.87856
0.37225	0.0575	5.878503
0.3725	0.0596875	5.878457
0.37275	0.0640625	5.878414
0.373	0.0671875	5.878338
0.37325	0.0659375	5.878213
0.3735	0.063125	5.87805
0.37375	0.060625	5.877851
0.374	0.058125	5.877645
0.37425	0.0534375	5.877439
0.3745	0.0465625	5.877255
0.37475	0.0471875	5.877118
0.375	0.0434375	5.877027
0.37525	0.0353125	5.877006
0.3755	0.0321875	5.877078
0.37575	0.0321875	5.877233
0.376	0.0384375	5.877478
0.37625	0.0440625	5.877795
0.3765	0.055625	5.878198
0.37675	0.063125	5.878653
0.377	0.0590625	5.879119
0.37725	0.05125	5.87961
0.3775	0.036875	5.880143
0.37775	0.02375	5.880757
0.378	0.0190625	5.881484
0.37825	0.018125	5.882336
0.3785	0.0290625	5.883317
0.37875	0.0484375	5.884406
0.379	0.0575	5.88553
0.37925	0.0628125	5.88665
0.3795	0.0646875	5.887734
0.37975	0.064375	5.888787
0.38	0.0640625	5.889807
0.38025	0.0625	5.89079
0.3805	0.06375	5.891743
0.38075	0.0640625	5.892642
0.381	0.0671875	5.893466
0.38125	0.0703125	5.894201
0.3815	0.06625	5.894828
0.38175	0.0640625	5.895378
0.382	0.0603125	5.895874
0.38225	0.0584375	5.896362
0.3825	0.0590625	5.896894
0.38275	0.0590625	5.897524
0.383	0.056875	5.898305
0.38325	0.05875	5.899279
0.3835	0.058125	5.900414
0.38375	0.0575	5.901695
0.384	0.0609375	5.903096
0.38425	0.055625	5.904576
0.3845	0.056875	5.906156
0.38475	0.054375	5.907797
0.385	0.055	5.909487
0.38525	0.0546875	5.911217
0.3855	0.0525	5.912981
0.38575	0.058125	5.914778
0.386	0.055625	5.916568
0.38625	0.049375	5.91835
0.3865	0.0503125	5.920135
0.38675	0.04625	5.921889
0.387	0.0465625	5.923618
0.38725	0.0490625	5.925309
0.3875	0.0515625	5.926964
0.38775	0.0540625	5.928575
0.388	0.056875	5.930121
0.38825	0.0546875	5.93159
0.3885	0.05375	5.932993
0.38875	0.050625	5.934344
0.389	0.051875	5.935702
0.38925	0.0484375	5.93711
0.3895	0.05	5.938614
0.38975	0.0565625	5.940195
0.39	0.055	5.941801
0.39025	0.0590625	5.943445
0.3905	0.0621875	5.945091
0.39075	0.060625	5.946708
0.391	0.0596875	5.948307
0.39125	0.06	5.949886
0.3915	0.05875	5.951448
0.39175	0.060625	5.952995
0.392	0.06125	5.954511
0.39225	0.064375	5.955992
0.3925	0.068125	5.957409
0.39275	0.070625	5.958743
0.393	0.0728125	5.959988
0.39325	0.0703125	5.961142
0.3935	0.0671875	5.962228
0.39375	0.0565625	5.963279
0.394	0.039375	5.964344
0.39425	0.029375	5.965489
0.3945	0.020625	5.966747
0.39475	0.023125	5.968131
0.395	0.0290625	5.969629
0.39525	0.0315625	5.971217
0.3955	0.0378125	5.972898
0.39575	0.04	5.974639
0.396	0.038125	5.976437
0.39625	0.038125	5.978299
0.3965	0.034375	5.980219
0.39675	0.031875	5.982221
0.397	0.026875	5.984313
0.39725	0.0275	5.986516
0.3975	0.0321875	5.988836
0.39775	0.0396875	5.991254
0.398	0.0503125	5.993755
0.39825	0.061875	5.996288
0.3985	0.066875	5.9988
0.39875	0.0734375	6.001268
0.399	0.0765625	6.003638
0.39925	0.0771875	6.005896
0.3995	0.0796875	6.008049
0.39975	0.0803125	6.010077
0.4	0.07875	6.010077
0.40025	0.0765625	6.010077
0.4005	0.0728125	6.010077
0.40075	0.071875	6.010077
0.401	0.0690625	6.010077
0.40125	0.0684375	6.010077
0.4015	0.0690625	6.010077
0.40175	0.0653125	6.010077
0.402	0.06875	6.010077
0.40225	0.068125	6.010077
0.4025	0.0665625	6.010077
0.40275	0.0690625	6.010077
0.403	0.065	6.010077
0.40325	0.0678125	6.010077
0.4035	0.06625	6.010077
0.40375	0.061875	6.010077
0.404	0.059375	6.010077
0.40425	0.0515625	6.010077
0.4045	0.050625	6.010077
0.40475	0.046875	6.010077
0.405	0.0434375	6.010077
0.40525	0.0471875	6.010077
0.4055	0.04625	6.010077
0.40575	0.0471875	6.010077
0.406	0.050625	6.010077
0.40625	0.04375	6.010077
0.4065	0.038125	6.010077
0.40675	0.0315625	6.010077
0.407	0.0265625	6.010077
0.40725	0.024375	6.010077
0.4075	0.0215625	6.010077
0.40775	0.020625	6.010077
0.408	0.0178125	6.010077
0.40825	0.0103125	6.010077
0.4085	0.00875	6.010077
0.40875	0.0096875	6.010077
0.409	0.015625	6.010077
0.40925	0.023125	6.010077
0.4095	0.029375	6.010077
0.40975	0.0409375	6.010077
0.41	0.05125	6.010077
0.41025	0.0609375	6.010077
0.4105	0.073125	6.010077
0.41075	0.0771875	6.010077
0.411	0.084375	6.010077
0.41125	0.09625	6.010077
0.4115	0.1003125	6.010077
0.41175	0.0990625	6.010077
0.412	0.0928125	6.010077
0.41225	0.0890625	6.010077
0.4125	0.0803125	6.010077
0.41275	0.064375	6.010077
0.413	0.0559375	6.010077
0.41325	0.0503125	6.010077
0.4135	0.045625	6.010077
0.41375	0.0515625	6.010077
0.414	0.0575	6.010077
0.41425	0.0571875	6.010077
0.4145	0.0465625	6.010077
0.41475	0.0265625	6.010077
0.415	0.0034375	6.010077
0.41525	-0.02375	6.010077
0.4155	-0.0371875	6.010077
0.41575	-0.04	6.010077
0.416	-0.0221875	6.010077
0.41625	0.015625	6.010077
0.4165	0.04625	6.010077
0.41675	0.06875	6.010077
0.417	0.0859375	6.010077
0.41725	0.0803125	6.010077
0.4175	0.065	6.010077
0.41775	0.051875	6.010077
0.418	0.03625	6.010077
0.41825	0.028125	6.010077
0.4185	0.0328125	6.010077
0.41875	0.0509375	6.010077
0.419	0.07125	6.010077
0.41925	0.0890625	6.010077
0.4195	0.103125	6.010077
0.41975	0.1065625	6.010077
0.42	0.1115625	6.010077
0.42025	0.1128125	6.010077
0.4205	0.1028125	6.010077
0.42075	0.091875	6.010077
0.421	0.0853125	6.010077
0.42125	0.078125	6.010077
0.4215	0.0759375	6.010077
0.42175	0.07375	6.010077
0.422	0.0728125	6.010077
0.42225	0.068125	6.010077
0.4225	0.0625	6.010077
0.42275	0.0621875	6.010077
0.423	0.059375	6.010077
0.42325	0.0571875	6.010077
0.4235	0.0596875	6.010077
0.42375	0.055625	6.010077
0.424	0.0584375	6.010077
0.42425	0.0565625	6.010077
0.4245	0.05625	6.010077
0.42475	0.0565625	6.010077
0.425	0.056875	6.010077
0.42525	0.0584375	6.010077
0.4255	0.05875	6.010077
0.42575	0.053125	6.010077
0.426	0.0553125	6.010077
0.42625	0.0575	6.010077
0.4265	0.0659375	6.010077
0.42675	0.0728125	6.010077
0.427	0.071875	6.010077
0.42725	0.068125	6.010077
0.4275	0.06375	6.010077
0.42775	0.0575	6.010077
0.428	0.05875	6.010077
0.42825	0.06125	6.010077
0.4285	0.0609375	6.010077
0.42875	0.061875	6.010077
0.429	0.0575	6.010077
0.42925	0.05875	6.010077
0.4295	0.0590625	6.010077
0.42975	0.060625	6.010077
0.43	0.0625	6.010077
0.43025	0.0590625	6.010077
0.4305	0.0565625	6.010077
0.43075	0.0525	6.010077
0.431	0.041875	6.010077
0.43125	0.0421875	6.010077
0.4315	0.0428125	6.010077
0.43175	0.0478125	6.010077
0.432	0.051875	6.010077
0.43225	0.061875	6.010077
0.4325	0.0778125	6.010077
0.43275	0.09375	6.010077
0.433	0.105	6.010077
0.43325	0.1121875	6.010077
0.4335	0.108125	6.010077
0.43375	0.1028125	6.010077
0.434	0.0965625	6.010077
0.43425	0.08875	6.010077
0.4345	0.085625	6.010077
0.43475	0.0765625	6.010077
0.435	0.0690625	6.010077
0.43525	0.0671875	6.010077
0.4355	0.0671875	6.010077
0.43575	0.0653125	6.010077
0.436	0.0578125	6.010077
0.43625	0.053125	6.010077
0.4365	0.0428125	6.010077
0.43675	0.026875	6.010077
0.437	0.01375	6.010077
0.43725	-0.0003125	6.010077
0.4375	-0.01625	6.010077
0.43775	-0.0203125	6.010077
0.438	-0.015	6.010077
0.43825	-0.00875	6.010077
0.4385	0.0040625	6.010077
0.43875	0.020625	6.010077
0.439	0.0509375	6.010077
0.43925	0.070625	6.010077
0.4395	0.0809375	6.010077
0.43975	0.076875	6.010077
0.44	0.0703125	6.010077
0.44025	0.06875	6.010077
0.4405	0.065	6.010077
0.44075	0.060625	6.010077
0.441	0.05875	6.010077
0.44125	0.0578125	6.010077
0.4415	0.0571875	6.010077
0.44175	0.056875	6.010077
0.442	0.0553125	6.010077
0.44225	0.055	6.010077
0.4425	0.05125	6.010077
0.44275	0.05125	6.010077
0.443	0.054375	6.010077
0.44325	0.05625	6.010077
0.4435	0.0628125	6.010077
0.44375	0.0678125	6.010077
0.444	0.065625	6.010077
0.44425	0.06625	6.010077
0.4445	0.066875	6.010077
0.44475	0.0634375	6.010077
0.445	0.0625	6.010077
0.44525	0.058125	6.010077
0.4455	0.0609375	6.010077
0.44575	0.0584375	6.010077
0.446	0.0578125	6.010077
0.44625	0.0575	6.010077
0.4465	0.0565625	6.010077
0.44675	0.06	6.010077
0.447	0.063125	6.010077
0.44725	0.0625	6.010077
0.4475	0.0653125	6.010077
0.44775	0.0659375	6.010077
0.448	0.0653125	6.010077
0.44825	0.0640625	6.010077
0.4485	0.061875	6.010077
0.44875	0.0609375	6.010077
0.449	0.0571875	6.010077
0.44925	0.058125	6.010077
0.4495	0.0596875	6.010077
0.44975	0.058125	6.010077