Trail Number 		Maximum(uV) 	Maximum Time(s) 	Minimum(uV) 	Minimum Time(s) 	Peak-Peak(uV) 	Duration(s)  	Onset(s) 	Offset(s)
1 		 1.3106	0.03425	-3.0006	0.0295	4.3112	0.00475	0.02225	0.05275
2 		 0.78375	0.03375	-1.0037	0.0295	1.7875	0.00425	0.02575	0.052
3 		 0.37906	0.03275	-0.26469	0.02975	0.64375	0.003	0.022	0.0455
4 		 0.47563	0.0335	-0.51625	0.02675	0.99188	0.00675	0.025	0.04975
5 		 0.79625	0.0325	-1.4056	0.02875	2.2019	0.00375	0.02475	0.04675
6 		 0.31688	0.0345	-0.48656	0.03	0.80344	0.0045	0.0235	0.05375
7 		 0.3125	0.0345	-0.40531	0.02975	0.71781	0.00475	0.02575	0.053
8 		 0.47094	0.035	-0.67594	0.03025	1.1469	0.00475	0.02775	0.054
9 		 0.47594	0.0335	-0.80375	0.0295	1.2797	0.004	0.02625	0.0535
10 		 0.38125	0.035	-0.6225	0.03025	1.0038	0.00475	0.02725	0.05275
14 		 0.75438	0.03375	-0.90844	0.029	1.6628	0.00475	0.02675	0.054
16 		 0.23969	0.0315	-0.19437	0.02675	0.43406	0.00475	0.02475	0.0375
21 		 1.6678	0.03425	-3.2122	0.02875	4.88	0.0055	0.023	0.055
22 		 1.5466	0.03375	-2.8681	0.029	4.4147	0.00475	0.02475	0.0525
23 		 1.8281	0.03375	-3.3022	0.02925	5.1303	0.0045	0.0225	0.05275
24 		 2.2597	0.03425	-3.6372	0.02925	5.8969	0.005	0.02175	0.05175
25 		 1.4231	0.03425	-3.1763	0.02875	4.5994	0.0055	0.02475	0.05325
26 		 1.4863	0.03475	-2.505	0.02925	3.9912	0.0055	0.022	0.0525
27 		 1.9178	0.03325	-3.5894	0.029	5.5072	0.00425	0.025	0.05325
28 		 1.8441	0.03325	-2.8397	0.028	4.6837	0.00525	0.02025	0.0505
29 		 2.0766	0.034	-3.4259	0.029	5.5025	0.005	0.019	0.0525
30 		 2.1088	0.03525	-3.3672	0.02875	5.4759	0.0065	0.02425	0.0535
31 		 0.39937	0.00675	-0.235	0.02775	0.63437	-0.021	0.01925	0.00875
32 		 0.40656	0.0305	-0.40031	0.02725	0.80688	0.00325	0.02425	0.03125
33 		 0.29437	0.094	-0.32344	0.08325	0.61781	0.01075	0.03325	0.097
34 		 0.33844	0.01075	-0.355	0.0075	0.69344	0.00325	0.00325	0.01175
35 		 0.43719	0.03125	-0.43094	0.027	0.86813	0.00425	0.024	0.0435
36 		 0.40469	0.0865	-0.41875	0.08325	0.82344	0.00325	0.07175	0.08825
37 		 0.37969	0.0885	-0.33281	0.0845	0.7125	0.004	0.079	0.097
38 		 0.38281	0.01825	-0.28844	0.0145	0.67125	0.00375	0.013	0.0215
40 		 0.27094	0.01575	-0.22812	0.08475	0.49906	-0.069	0.0595	0.02075
41 		 1.485	0.034	-2.2822	0.02925	3.7672	0.00475	0.02175	0.0515
42 		 1.7519	0.03325	-2.6416	0.02875	4.3934	0.0045	0.021	0.05125
43 		 0.8875	0.035	-1.3572	0.02875	2.2447	0.00625	0.0245	0.04975
44 		 1.4659	0.034	-2.355	0.02825	3.8209	0.00575	0.022	0.05075
45 		 1.1544	0.034	-2.1184	0.02925	3.2728	0.00475	0.02125	0.05225
46 		 1.6362	0.034	-2.4616	0.02925	4.0978	0.00475	0.02425	0.0535
47 		 0.99281	0.03225	-1.6338	0.029	2.6266	0.00325	0.024	0.047
48 		 0.97094	0.032	-1.5697	0.0285	2.5406	0.0035	0.02575	0.04075
49 		 2.0994	0.03375	-2.5209	0.029	4.6203	0.00475	0.0225	0.05
50 		 0.70437	0.034	-1.2216	0.028	1.9259	0.006	0.02575	0.039
51 		 1.5962	0.0355	-3.0991	0.0285	4.6953	0.007	0.02225	0.0655
52 		 1.7034	0.03375	-2.7247	0.02925	4.4281	0.0045	0.02375	0.06575
53 		 1.6141	0.033	-3.4569	0.02875	5.0709	0.00425	0.02525	0.06525
54 		 2.5987	0.033	-4.5669	0.02875	7.1656	0.00425	0.0225	0.05425
55 		 2.7044	0.0335	-4.5512	0.02875	7.2556	0.00475	0.02525	0.05125
56 		 2.2219	0.0335	-3.9919	0.02875	6.2137	0.00475	0.00675	0.05225
57 		 3.0731	0.0335	-4.5225	0.02925	7.5956	0.00425	0.02375	0.05125
58 		 2.6037	0.033	-4.2556	0.0285	6.8594	0.0045	0.0225	0.0535
59 		 3.1334	0.03325	-4.9281	0.029	8.0616	0.00425	0.02275	0.05125
60 		 3.3834	0.03275	-5.1772	0.02875	8.5606	0.004	0.024	0.052
61 		 1.495	0.0335	-2.8275	0.029	4.3225	0.0045	0.02275	0.04225
62 		 2.3747	0.033	-3.3856	0.029	5.7603	0.004	0.0255	0.05175
63 		 2.395	0.033	-3.3813	0.02875	5.7763	0.00425	0.02175	0.04475
64 		 1.7359	0.035	-3.3603	0.02875	5.0963	0.00625	0.022	0.05225
65 		 1.9034	0.03325	-3.7294	0.0285	5.6328	0.00475	0.02175	0.0425
66 		 2.2922	0.0335	-3.6456	0.02925	5.9378	0.00425	0.025	0.05075
67 		 2.6897	0.03325	-3.7837	0.02925	6.4734	0.004	0.02525	0.0415
68 		 1.6338	0.03325	-3.9191	0.02875	5.5528	0.0045	0.0215	0.05275
69 		 3.3294	0.033	-4.7684	0.02925	8.0978	0.00375	0.026	0.0485
70 		 2.095	0.03375	-2.1941	0.0285	4.2891	0.00525	0.02425	0.05025
71 		 1.1591	0.0325	-1.1253	0.0285	2.2844	0.004	0.02275	0.0405
72 		 0.33063	0.00325	-0.21313	0.02725	0.54375	-0.024	0.021	0.00525
73 		 0.48281	0.03225	-0.40125	0.01725	0.88406	0.015	0.0105	0.03575
74 		 0.94875	0.034	-0.65375	0.02675	1.6025	0.00725	0.01475	0.03625
77 		 0.51062	0.03425	-0.51906	0.03	1.0297	0.00425	0.02525	0.05125
78 		 0.26719	0.03425	-0.31062	0.03025	0.57781	0.004	0.02775	0.04975