Trial Number 		M-Reflex 	H-Reflex 	Current
1 		 0.12031	0.12437	13.7125
2 		 0.12094	0.11594	14.3187
3 		 0.11844	0.12562	15.1562
4 		 0.12312	0.12531	15.1625
5 		 0.12875	0.13375	9.125
6 		 0.12969	0.13031	13.3562
7 		 0.12625	0.12719	15.2875
8 		 0.14313	0.12281	16.6625
9 		 0.16	0.12812	18.725
10 		 0.13156	0.64062	20.3313
11 		 0.1275	0.155	19.5437
12 		 0.1175	0.15188	20.2563
13 		 0.24812	0.33906	20.9062
14 		 0.27875	1.6944	21.625
15 		 0.27313	1.6091	21.6875
16 		 0.22063	1.7844	21.9688
17 		 0.26031	1.9234	22.4125
18 		 0.1725	4.0456	23.1562
19 		 0.28687	3.9737	22.725
20 		 0.28531	3.4053	23.425
21 		 0.23438	5.3144	23.8062
22 		 0.30406	4.8869	24.3875
23 		 0.13344	4.8472	24.8062
24 		 0.24688	4.9819	25.4438
25 		 0.30406	5.0781	25.625
26 		 0.30719	5.4159	26.2
27 		 0.31312	5.4269	27.025
28 		 0.29281	6.0106	27.5813
29 		 0.19312	5.5831	28.0813
30 		 0.34094	5.3866	29.2188
31 		 0.30063	5.5056	29.9625
32 		 0.19719	5.7884	30.9
33 		 0.34219	5.6775	32.0438
34 		 0.49562	5.3719	33.1938
35 		 0.38312	5.7084	34.3563
36 		 0.72687	5.3806	35.525
37 		 1.2272	5.4372	36.7625
38 		 1.8672	5.3072	38.1562
39 		 2.3084	5.2997	39.25
40 		 3.3469	4.7428	40.35
41 		 4.2566	4.3537	42.25
42 		 4.8834	3.7069	43.6625
43 		 5.6816	2.7428	44.7563
44 		 6.0813	2.5319	46.2125
45 		 7.0516	2.335	48.4375
46 		 7.4378	2.5419	49.7188
47 		 7.9963	1.9481	52.3312
48 		 8.5541	1.7303	55.5187
49 		 8.6947	1.4712	60.0375
50 		 9.0828	1.2938	63.1437
51 		 9.2338	1.2791	67.9875
52 		 9.3469	1.2069	73.1937


M-Reflex_Max 		9.3469 	 M-Reflex_Max Current 		 73.1937
H-Reflex_Max 		6.0106	 H-Reflex_Max Current 		 27.5813
Mmax-trial Number: 		52
Hmax-trial Number: 		28

Hmax Fifty-Percent-P2P Value: 		3.1692
Hmax Fifty-Percent-P2P Current: 		23.2663

Hmax Five-Percent-P2P Value: 		0.15188
Hmax Five-Percent-P2P Current: 		20.2563
Slope Value: 		0.66013