Time	Amplitude	Unknown
-0.05	0.060625	13.33858
-0.04975	0.060625	13.33858
-0.0495	0.064375	13.33858
-0.04925	0.0634375	13.33858
-0.049	0.0603125	13.33858
-0.04875	0.0621875	13.33858
-0.0485	0.060625	13.33858
-0.04825	0.058125	13.33858
-0.048	0.0578125	13.33858
-0.04775	0.0559375	13.33858
-0.0475	0.0571875	13.33858
-0.04725	0.0571875	13.33858
-0.047	0.055	13.33858
-0.04675	0.05875	13.33858
-0.0465	0.0584375	13.33858
-0.04625	0.0603125	13.33858
-0.046	0.0596875	13.33858
-0.04575	0.06	13.33858
-0.0455	0.06	13.33858
-0.04525	0.0584375	13.33858
-0.045	0.0596875	13.33858
-0.04475	0.0596875	13.33858
-0.0445	0.059375	13.33858
-0.04425	0.0621875	13.33858
-0.044	0.0615625	13.33858
-0.04375	0.0603125	13.33858
-0.0435	0.0621875	13.33858
-0.04325	0.0590625	13.33858
-0.043	0.058125	13.33858
-0.04275	0.0578125	13.33858
-0.0425	0.0546875	13.33858
-0.04225	0.055	13.33858
-0.042	0.0521875	13.33858
-0.04175	0.0521875	13.33858
-0.0415	0.0553125	13.33858
-0.04125	0.0525	13.33858
-0.041	0.05625	13.33858
-0.04075	0.0575	13.33858
-0.0405	0.058125	13.33858
-0.04025	0.061875	13.33858
-0.04	0.065	13.33858
-0.03975	0.0640625	13.33858
-0.0395	0.06375	13.33858
-0.03925	0.05875	13.33858
-0.039	0.060625	13.33858
-0.03875	0.055	13.33858
-0.0385	0.053125	13.33858
-0.03825	0.0546875	13.33858
-0.038	0.05375	13.33858
-0.03775	0.054375	13.33858
-0.0375	0.05875	13.33858
-0.03725	0.0603125	13.33858
-0.037	0.0628125	13.33858
-0.03675	0.0628125	13.33858
-0.0365	0.064375	13.33858
-0.03625	0.0603125	13.33858
-0.036	0.0484375	13.33858
-0.03575	0.04375	13.33858
-0.0355	0.035625	13.33858
-0.03525	0.0321875	13.33858
-0.035	0.035625	13.33858
-0.03475	0.038125	13.33858
-0.0345	0.04125	13.33858
-0.03425	0.0490625	13.33858
-0.034	0.0509375	13.33858
-0.03375	0.055625	13.33858
-0.0335	0.056875	13.33858
-0.03325	0.0634375	13.33858
-0.033	0.06375	13.33858
-0.03275	0.0596875	13.33858
-0.0325	0.0615625	13.33858
-0.03225	0.0615625	13.33858
-0.032	0.0603125	13.33858
-0.03175	0.060625	13.33858
-0.0315	0.0584375	13.33858
-0.03125	0.0609375	13.33858
-0.031	0.0596875	13.33858
-0.03075	0.0596875	13.33858
-0.0305	0.0621875	13.33858
-0.03025	0.0590625	13.33858
-0.03	0.060625	13.33858
-0.02975	0.059375	13.33858
-0.0295	0.0578125	13.33858
-0.02925	0.0565625	13.33858
-0.029	0.0584375	13.33858
-0.02875	0.0590625	13.33858
-0.0285	0.056875	13.33858
-0.02825	0.059375	13.33858
-0.028	0.0609375	13.33858
-0.02775	0.0621875	13.33858
-0.0275	0.0578125	13.33858
-0.02725	0.0596875	13.33858
-0.027	0.055625	13.33858
-0.02675	0.0575	13.33858
-0.0265	0.056875	13.33858
-0.02625	0.0553125	13.33858
-0.026	0.0540625	13.33858
-0.02575	0.048125	13.33858
-0.0255	0.0471875	13.33858
-0.02525	0.0478125	13.33858
-0.025	0.0490625	13.33858
-0.02475	0.0528125	13.33858
-0.0245	0.0503125	13.33858
-0.02425	0.0440625	13.33858
-0.024	0.040625	13.33858
-0.02375	0.039375	13.33858
-0.0235	0.0453125	13.33858
-0.02325	0.0509375	13.33858
-0.023	0.05625	13.33858
-0.02275	0.0625	13.33858
-0.0225	0.0625	13.33858
-0.02225	0.0603125	13.33858
-0.022	0.0609375	13.33858
-0.02175	0.058125	13.33858
-0.0215	0.0565625	13.33858
-0.02125	0.056875	13.33858
-0.021	0.054375	13.33858
-0.02075	0.054375	13.33858
-0.0205	0.053125	13.33858
-0.02025	0.053125	13.33858
-0.02	0.054375	13.33858
-0.01975	0.05375	13.33858
-0.0195	0.0565625	13.33858
-0.01925	0.054375	13.33858
-0.019	0.0540625	13.33858
-0.01875	0.055625	13.33858
-0.0185	0.0565625	13.33858
-0.01825	0.06	13.33858
-0.018	0.06	13.33858
-0.01775	0.0503125	13.33858
-0.0175	0.0475	13.33858
-0.01725	0.04125	13.33858
-0.017	0.03875	13.33858
-0.01675	0.0396875	13.33858
-0.0165	0.0434375	13.33858
-0.01625	0.0540625	13.33858
-0.016	0.0628125	13.33858
-0.01575	0.0690625	13.33858
-0.0155	0.0709375	13.33858
-0.01525	0.0628125	13.33858
-0.015	0.0628125	13.33858
-0.01475	0.06125	13.33858
-0.0145	0.0603125	13.33858
-0.01425	0.0596875	13.33858
-0.014	0.058125	13.33858
-0.01375	0.0615625	13.33858
-0.0135	0.060625	13.33858
-0.01325	0.0584375	13.33858
-0.013	0.0603125	13.33858
-0.01275	0.0590625	13.33858
-0.0125	0.0590625	13.33858
-0.01225	0.06	13.33858
-0.012	0.0575	13.33858
-0.01175	0.06	13.33858
-0.0115	0.06	13.33858
-0.01125	0.065	13.33858
-0.011	0.064375	13.33858
-0.01075	0.0603125	13.33858
-0.0105	0.0615625	13.33858
-0.01025	0.06125	13.33858
-0.01	0.05875	13.33858
-0.00975	0.0578125	13.33858
-0.0095	0.054375	13.33858
-0.00925	0.0540625	13.33858
-0.009	0.055	13.33858
-0.00875	0.0528125	13.33858
-0.0085	0.054375	13.33858
-0.00825	0.05	13.33858
-0.008	0.0528125	13.33858
-0.00775	0.054375	13.33858
-0.0075	0.0534375	13.33858
-0.00725	0.0565625	13.33858
-0.007	0.055625	13.33858
-0.00675	0.051875	13.33858
-0.0065	0.0521875	13.33858
-0.00625	0.050625	13.33858
-0.006	0.051875	13.33858
-0.00575	0.053125	13.33858
-0.0055	0.050625	13.33858
-0.00525	0.05	13.33858
-0.005	0.04875	13.33858
-0.00475	0.0475	13.33858
-0.0045	0.0459375	13.33858
-0.00425	0.0434375	13.33858
-0.004	0.0465625	13.33858
-0.00375	0.0509375	13.33858
-0.0035	0.0528125	13.33858
-0.00325	0.0578125	13.33858
-0.003	0.0584375	13.33858
-0.00275	0.0578125	13.33858
-0.0025	0.0546875	13.33858
-0.00225	0.0521875	13.33858
-0.002	0.0525	13.33858
-0.00175	0.0484375	13.33858
-0.0015	0.0521875	13.33858
-0.00125	0.061875	13.33858
-0.001	0.064375	13.33858
-0.00075	0.0678125	13.33858
-0.0005	0.0696875	13.33858
-0.00025	0.065	13.33858
0	0.06125	13.33858
0.00025	0.27875	13.39568
0.0005	0.3425	13.45122
0.00075	-1.004063	13.50448
0.001	-0.3175	13.53923
0.00125	0.0309375	13.57217
0.0015	0.0634375	13.60513
0.00175	0.059375	13.63803
0.002	0.06125	13.6709
0.00225	0.0584375	13.7037
0.0025	0.05875	13.73644
0.00275	0.065	13.76913
0.003	0.0675	13.80174
0.00325	0.065625	13.83426
0.0035	0.06625	13.8667
0.00375	0.0678125	13.89906
0.004	0.0665625	13.93134
0.00425	0.0621875	13.96353
0.0045	0.0671875	13.99564
0.00475	0.069375	14.02767
0.005	0.0725	14.05962
0.00525	0.0784375	14.09146
0.0055	0.0825	14.12319
0.00575	0.08375	14.15479
0.006	0.083125	14.18626
0.00625	0.0825	14.2176
0.0065	0.0815625	14.24882
0.00675	0.08	14.27992
0.007	0.0821875	14.3109
0.00725	0.08	14.34176
0.0075	0.075	14.3725
0.00775	0.0734375	14.40314
0.008	0.0646875	14.43368
0.00825	0.0553125	14.46414
0.0085	0.05	14.49455
0.00875	0.0478125	14.5249
0.009	0.0503125	14.55522
0.00925	0.0553125	14.58549
0.0095	0.0603125	14.61572
0.00975	0.0628125	14.64588
0.01	0.06125	14.67599
0.01025	0.065625	14.70605
0.0105	0.06625	14.73604
0.01075	0.0678125	14.76599
0.011	0.075	14.79587
0.01125	0.0803125	14.82567
0.0115	0.0853125	14.85538
0.01175	0.086875	14.88497
0.012	0.0846875	14.91445
0.01225	0.0828125	14.94382
0.0125	0.076875	14.97308
0.01275	0.0671875	15.00226
0.013	0.0603125	15.03138
0.01325	0.05375	15.06045
0.0135	0.0496875	15.0895
0.01375	0.0471875	15.11852
0.014	0.041875	15.14753
0.01425	0.041875	15.17651
0.0145	0.04	15.20548
0.01475	0.03875	15.23441
0.015	0.03875	15.26332
0.01525	0.0409375	15.29218
0.0155	0.0496875	15.32101
0.01575	0.0503125	15.34979
0.016	0.0509375	15.37852
0.01625	0.0534375	15.4072
0.0165	0.0534375	15.43583
0.01675	0.05625	15.46441
0.017	0.05625	15.49294
0.01725	0.0528125	15.52142
0.0175	0.0534375	15.54986
0.01775	0.0528125	15.57826
0.018	0.058125	15.6066
0.01825	0.06125	15.6349
0.0185	0.064375	15.66312
0.01875	0.073125	15.69129
0.019	0.0778125	15.71935
0.01925	0.0796875	15.74732
0.0195	0.0834375	15.77518
0.01975	0.0809375	15.80293
0.02	0.078125	15.83057
0.02025	0.0765625	15.85811
0.0205	0.07625	15.88555
0.02075	0.07625	15.91289
0.021	0.0703125	15.94013
0.02125	0.0690625	15.96728
0.0215	0.06375	15.99436
0.02175	0.05375	16.02136
0.022	0.0484375	16.04832
0.02225	0.0425	16.07523
0.0225	0.0375	16.10212
0.02275	0.0353125	16.12898
0.023	0.0284375	16.15582
0.02325	0.0228125	16.18264
0.0235	0.0246875	16.20945
0.02375	0.0271875	16.23624
0.024	0.0328125	16.26303
0.02425	0.0434375	16.28978
0.0245	0.0575	16.31651
0.02475	0.0653125	16.34318
0.025	0.06375	16.36978
0.02525	0.065	16.39631
0.0255	0.0634375	16.42278
0.02575	0.064375	16.44919
0.026	0.07125	16.47554
0.02625	0.0771875	16.50181
0.0265	0.0853125	16.52799
0.02675	0.09625	16.55406
0.027	0.1146875	16.58
0.02725	0.1290625	16.60575
0.0275	0.12125	16.63127
0.02775	0.0953125	16.6566
0.028	0.053125	16.68182
0.02825	-0.005625	16.70703
0.0285	-0.0703125	16.73226
0.02875	-0.1428125	16.75745
0.029	-0.2384375	16.78236
0.02925	-0.37375	16.80646
0.0295	-0.528125	16.82854
0.02975	-0.6184375	16.84655
0.03	-0.6540625	16.85899
0.03025	-0.689375	16.8652
0.0305	-0.7040625	16.8645
0.03075	-0.6053125	16.85658
0.031	-0.42	16.84334
0.03125	-0.2434375	16.82756
0.0315	-0.10625	16.81094
0.03175	-0.0315625	16.7942
0.032	-0.0371875	16.77749
0.03225	-0.03625	16.7608
0.0325	-0.023125	16.74414
0.03275	-0.0021875	16.7275
0.033	0.05375	16.71089
0.03325	0.133125	16.69426
0.0335	0.2071875	16.67739
0.03375	0.269375	16.6599
0.034	0.3065625	16.64135
0.03425	0.32625	16.62143
0.0345	0.3371875	16.59995
0.03475	0.3253125	16.57681
0.035	0.3165625	16.5521
0.03525	0.3025	16.52591
0.0355	0.2925	16.49836
0.03575	0.2753125	16.46952
0.036	0.25125	16.43954
0.03625	0.229375	16.40859
0.0365	0.2075	16.37683
0.03675	0.195	16.34441
0.037	0.19125	16.31138
0.03725	0.18	16.27778
0.0375	0.170625	16.24366
0.03775	0.1646875	16.20906
0.038	0.153125	16.17402
0.03825	0.144375	16.13859
0.0385	0.13125	16.1028
0.03875	0.116875	16.06671
0.039	0.09125	16.03037
0.03925	0.0609375	15.99387
0.0395	0.0215625	15.95728
0.03975	-0.0234375	15.92065
0.04	-0.059375	15.88398
0.04025	-0.0553125	15.84721
0.0405	-0.03125	15.81036
0.04075	0.006875	15.77347
0.041	0.0678125	15.73653
0.04125	0.13625	15.69948
0.0415	0.19	15.6621
0.04175	0.2171875	15.62412
0.042	0.2271875	15.58534
0.04225	0.2040625	15.5457
0.0425	0.195	15.50535
0.04275	0.19625	15.46435
0.043	0.186875	15.42268
0.04325	0.1703125	15.38039
0.0435	0.164375	15.33759
0.04375	0.1565625	15.29429
0.044	0.1434375	15.25054
0.04425	0.125	15.2064
0.0445	0.10125	15.16195
0.04475	0.080625	15.11726
0.045	0.0628125	15.07242
0.04525	0.0575	15.02744
0.0455	0.0590625	14.98236
0.04575	0.075	14.93715
0.046	0.0959375	14.89178
0.04625	0.1265625	14.8462
0.0465	0.155	14.80027
0.04675	0.1709375	14.75388
0.047	0.174375	14.70691
0.04725	0.1784375	14.65937
0.0475	0.174375	14.61121
0.04775	0.1684375	14.56246
0.048	0.1665625	14.51313
0.04825	0.1640625	14.46324
0.0485	0.154375	14.41278
0.04875	0.133125	14.3618
0.049	0.10625	14.3104
0.04925	0.08625	14.2587
0.0495	0.0753125	14.20674
0.04975	0.074375	14.15458
0.05	0.08	14.10221
0.05025	0.081875	14.04961
0.0505	0.086875	13.99675
0.05075	0.0884375	13.94428
0.051	0.0909375	13.89255
0.05125	0.0946875	13.84951
0.0515	0.0915625	13.80712
0.05175	0.0884375	13.76447
0.052	0.08375	13.72162
0.05225	0.079375	13.67856
0.0525	0.0784375	13.63532
0.05275	0.0753125	13.59187
0.053	0.0709375	13.54824
0.05325	0.07125	13.50443
0.0535	0.0696875	13.46046
0.05375	0.0684375	13.41631
0.054	0.06625	13.37199
0.05425	0.0659375	13.3275
0.0545	0.065625	13.28285
0.05475	0.0625	13.23803
0.055	0.0665625	13.19304
0.05525	0.0640625	13.14788
0.0555	0.06	13.10256
0.05575	0.0603125	13.05711
0.056	0.060625	13.01151
0.05625	0.059375	12.96577
0.0565	0.0584375	12.9199
0.05675	0.058125	12.8739
0.057	0.06	12.82777
0.05725	0.0575	12.78149
0.0575	0.0575	12.73509
0.05775	0.061875	12.68855
0.058	0.0603125	12.64185
0.05825	0.061875	12.595
0.0585	0.065	12.54799
0.05875	0.0646875	12.50078
0.059	0.0653125	12.45339
0.05925	0.066875	12.40579
0.0595	0.0684375	12.358
0.05975	0.0678125	12.31001
0.06	0.0675	12.26183
0.06025	0.070625	12.21346
0.0605	0.071875	12.16489
0.06075	0.070625	12.11612
0.061	0.0734375	12.06716
0.06125	0.07125	12.01799
0.0615	0.0721875	11.96863
0.06175	0.0721875	11.91909
0.062	0.0725	11.86937
0.06225	0.0709375	11.81947
0.0625	0.0709375	11.76939
0.06275	0.0734375	11.71913
0.063	0.0728125	11.66867
0.06325	0.07125	11.61798
0.0635	0.0734375	11.56706
0.06375	0.071875	11.5159
0.064	0.0675	11.46448
0.06425	0.0684375	11.41283
0.0645	0.070625	11.36093
0.06475	0.068125	11.30876
0.065	0.0671875	11.25632
0.06525	0.0646875	11.20362
0.0655	0.06375	11.15064
0.06575	0.0621875	11.0974
0.066	0.0621875	11.04389
0.06625	0.0615625	10.99012
0.0665	0.056875	10.93608
0.06675	0.0575	10.88178
0.067	0.055625	10.82722
0.06725	0.0540625	10.77239
0.0675	0.053125	10.7173
0.06775	0.05125	10.66193
0.068	0.0509375	10.60629
0.06825	0.049375	10.55036
0.0685	0.049375	10.49416
0.06875	0.0478125	10.43768
0.069	0.0446875	10.38092
0.06925	0.045	10.32391
0.0695	0.045	10.26663
0.06975	0.043125	10.20909
0.07	0.0415625	10.1513
0.07025	0.041875	10.09324
0.0705	0.040625	10.03492
0.07075	0.03875	9.976325
0.071	0.03875	9.917444
0.07125	0.0409375	9.858276
0.0715	0.0396875	9.7988
0.07175	0.04	9.739015
0.072	0.0428125	9.678905
0.07225	0.0428125	9.618442
0.0725	0.0428125	9.557609
0.07275	0.0446875	9.4964
0.073	0.0425	9.434791
0.07325	0.0434375	9.372786
0.0735	0.0428125	9.310365
0.07375	0.045625	9.247519
0.074	0.045625	9.184237
0.07425	0.0453125	9.120513
0.0745	0.049375	9.056344
0.07475	0.05125	8.991728
0.075	0.0496875	8.926667
0.07525	0.0534375	8.861168
0.0755	0.0546875	8.795209
0.07575	0.0571875	8.728783
0.076	0.0584375	8.661868
0.07625	0.0584375	8.594454
0.0765	0.06	8.526549
0.07675	0.060625	8.458149
0.077	0.0640625	8.389259
0.07725	0.0671875	8.319886
0.0775	0.0675	8.250068
0.07775	0.0703125	8.179845
0.078	0.070625	8.109164
0.07825	0.0696875	8.037928
0.0785	0.071875	7.966028
0.07875	0.0725	7.893388
0.079	0.074375	7.820069
0.07925	0.075625	7.746281
0.0795	0.0734375	7.672588
0.07975	0.07375	7.600355
0.08	0.07375	7.531907
0.08025	0.075	7.469067
0.0805	0.0759375	7.412737
0.08075	0.071875	7.363859
0.081	0.071875	7.322962
0.08125	0.073125	7.287989
0.0815	0.0715625	7.255777
0.08175	0.0696875	7.224355
0.082	0.0684375	7.192899
0.08225	0.068125	7.161231
0.0825	0.06625	7.129355
0.08275	0.0640625	7.097269
0.083	0.0634375	7.06497
0.08325	0.0615625	7.032456
0.0835	0.060625	6.99978
0.08375	0.059375	6.967209
0.084	0.0575	6.935191
0.08425	0.0571875	6.90425
0.0845	0.055625	6.874766
0.08475	0.0540625	6.846974
0.085	0.0521875	6.821026
0.08525	0.0528125	6.796808
0.0855	0.0534375	6.774234
0.08575	0.0528125	6.753156
0.086	0.04875	6.733485
0.08625	0.0496875	6.715084
0.0865	0.046875	6.697751
0.08675	0.04625	6.681326
0.087	0.046875	6.665647
0.08725	0.045625	6.650629
0.0875	0.0465625	6.636254
0.08775	0.0471875	6.62244
0.088	0.04625	6.609125
0.08825	0.046875	6.59628
0.0885	0.045	6.583833
0.08875	0.0471875	6.571754
0.089	0.0478125	6.559973
0.08925	0.0475	6.548421
0.0895	0.0490625	6.536998
0.08975	0.0503125	6.525602
0.09	0.0525	6.514166
0.09025	0.0525	6.502685
0.0905	0.0528125	6.491221
0.09075	0.0540625	6.479768
0.091	0.0559375	6.468284
0.09125	0.0596875	6.456748
0.0915	0.06125	6.445235
0.09175	0.0596875	6.433997
0.092	0.0625	6.423382
0.09225	0.0646875	6.413604
0.0925	0.064375	6.404741
0.09275	0.0640625	6.396611
0.093	0.06875	6.389146
0.09325	0.06875	6.382339
0.0935	0.071875	6.37611
0.09375	0.0715625	6.370331
0.094	0.0753125	6.36497
0.09425	0.0753125	6.359951
0.0945	0.0765625	6.355198
0.09475	0.0790625	6.350615
0.095	0.078125	6.346071
0.09525	0.0809375	6.341512
0.0955	0.0821875	6.336872
0.09575	0.0815625	6.332133
0.096	0.08125	6.327295
0.09625	0.080625	6.32239
0.0965	0.0803125	6.317492
0.09675	0.07875	6.312735
0.097	0.075625	6.308286
0.09725	0.0784375	6.304276
0.0975	0.0796875	6.300714
0.09775	0.0775	6.297631
0.098	0.0784375	6.295007
0.09825	0.0765625	6.292788
0.0985	0.075	6.290977
0.09875	0.0715625	6.289558
0.099	0.0715625	6.288495
0.09925	0.0690625	6.287664
0.0995	0.065625	6.286944
0.09975	0.0675	6.286281
0.1	0.0659375	6.285629
0.10025	0.0615625	6.284988
0.1005	0.0609375	6.284396
0.10075	0.0603125	6.283862
0.101	0.0584375	6.2834
0.10125	0.0575	6.283019
0.1015	0.0546875	6.282724
0.10175	0.055625	6.282538
0.102	0.053125	6.282443
0.10225	0.053125	6.282436
0.1025	0.0528125	6.282505
0.10275	0.0490625	6.282632
0.103	0.0490625	6.282827
0.10325	0.051875	6.283082
0.1035	0.048125	6.283366
0.10375	0.0490625	6.2837
0.104	0.0484375	6.284068
0.10425	0.046875	6.284471
0.1045	0.0471875	6.284905
0.10475	0.0478125	6.285372
0.105	0.04875	6.285868
0.10525	0.0490625	6.286383
0.1055	0.0490625	6.286926
0.10575	0.0509375	6.287488
0.106	0.0509375	6.288053
0.10625	0.05375	6.288624
0.1065	0.055625	6.289192
0.10675	0.0553125	6.28974
0.107	0.05875	6.290277
0.10725	0.0603125	6.290785
0.1075	0.0609375	6.291264
0.10775	0.060625	6.291706
0.108	0.0609375	6.292114
0.10825	0.0634375	6.292501
0.1085	0.064375	6.292852
0.10875	0.06375	6.293167
0.109	0.0684375	6.293462
0.10925	0.06875	6.293711
0.1095	0.0690625	6.293919
0.10975	0.073125	6.294097
0.11	0.07125	6.294222
0.11025	0.0715625	6.294304
0.1105	0.073125	6.294347
0.11075	0.0775	6.294354
0.111	0.075	6.294298
0.11125	0.07375	6.294192
0.1115	0.0765625	6.294059
0.11175	0.078125	6.293875
0.112	0.07625	6.29364
0.11225	0.0778125	6.293371
0.1125	0.078125	6.293046
0.11275	0.0771875	6.292663
0.113	0.0753125	6.292231
0.11325	0.0759375	6.291771
0.1135	0.0784375	6.291278
0.11375	0.0765625	6.290733
0.114	0.078125	6.290148
0.11425	0.0778125	6.289509
0.1145	0.07625	6.288801
0.11475	0.0771875	6.288041
0.115	0.074375	6.287229
0.11525	0.0715625	6.286367
0.1155	0.071875	6.28547
0.11575	0.070625	6.284521
0.116	0.0696875	6.283526
0.11625	0.06875	6.282483
0.1165	0.06625	6.281392
0.11675	0.0675	6.280263
0.117	0.065625	6.279077
0.11725	0.065625	6.277842
0.1175	0.06375	6.276554
0.11775	0.059375	6.275208
0.118	0.0609375	6.273826
0.11825	0.05875	6.272394
0.1185	0.056875	6.270919
0.11875	0.0559375	6.269405
0.119	0.0528125	6.267851
0.11925	0.0553125	6.26627
0.1195	0.051875	6.264644
0.11975	0.0515625	6.262985
0.12	0.0534375	6.261288
0.12025	0.0515625	6.259545
0.1205	0.051875	6.257759
0.12075	0.0515625	6.255929
0.121	0.0475	6.254054
0.12125	0.0478125	6.252147
0.1215	0.0496875	6.250208
0.12175	0.050625	6.248234
0.122	0.0515625	6.24622
0.12225	0.0490625	6.244161
0.1225	0.0496875	6.242075
0.12275	0.0515625	6.239961
0.123	0.0509375	6.237807
0.12325	0.0540625	6.235621
0.1235	0.0528125	6.233387
0.12375	0.0534375	6.231116
0.124	0.055625	6.228809
0.12425	0.05625	6.226461
0.1245	0.058125	6.224075
0.12475	0.0609375	6.221634
0.125	0.0596875	6.219139
0.12525	0.0603125	6.216606
0.1255	0.0596875	6.214031
0.12575	0.0625	6.21143
0.126	0.0628125	6.208795
0.12625	0.0653125	6.206129
0.1265	0.068125	6.203425
0.12675	0.068125	6.200669
0.127	0.0684375	6.197869
0.12725	0.0696875	6.195025
0.1275	0.0709375	6.192145
0.12775	0.0715625	6.189229
0.128	0.070625	6.186269
0.12825	0.0725	6.183281
0.1285	0.0709375	6.180261
0.12875	0.070625	6.177215
0.129	0.0725	6.174162
0.12925	0.0690625	6.171088
0.1295	0.066875	6.168015
0.12975	0.0675	6.16496
0.13	0.066875	6.161913
0.13025	0.068125	6.158882
0.1305	0.0709375	6.155857
0.13075	0.071875	6.152821
0.131	0.0771875	6.149773
0.13125	0.0778125	6.146661
0.1315	0.078125	6.143484
0.13175	0.07375	6.14024
0.132	0.06625	6.136946
0.13225	0.0646875	6.133634
0.1325	0.0628125	6.130307
0.13275	0.060625	6.126976
0.133	0.0621875	6.123641
0.13325	0.064375	6.120284
0.1335	0.0646875	6.116897
0.13375	0.064375	6.113468
0.134	0.0603125	6.109991
0.13425	0.0490625	6.106485
0.1345	0.035	6.102993
0.13475	0.0196875	6.099561
0.135	0.0090625	6.096218
0.13525	-0.0003125	6.092967
0.1355	0.0025	6.089807
0.13575	0.003125	6.086735
0.136	0.0121875	6.08375
0.13625	0.031875	6.080845
0.1365	0.048125	6.077975
0.13675	0.05625	6.075094
0.137	0.060625	6.072156
0.13725	0.0621875	6.069136
0.1375	0.0621875	6.066033
0.13775	0.060625	6.062843
0.138	0.05875	6.059573
0.13825	0.06	6.056232
0.1385	0.059375	6.052814
0.13875	0.0634375	6.049322
0.139	0.0646875	6.045732
0.13925	0.0640625	6.042043
0.1395	0.06375	6.03826
0.13975	0.0603125	6.034379
0.14	0.059375	6.030427
0.14025	0.0609375	6.026412
0.1405	0.0621875	6.02233
0.14075	0.0646875	6.018174
0.141	0.0653125	6.013932
0.14125	0.0678125	6.009608
0.1415	0.0690625	6.005198
0.14175	0.0659375	6.000697
0.142	0.06625	5.996137
0.14225	0.07	5.991507
0.1425	0.07	5.986799
0.14275	0.071875	5.98202
0.143	0.070625	5.977161
0.14325	0.073125	5.97223
0.1435	0.0684375	5.967228
0.14375	0.069375	5.962184
0.144	0.0703125	5.957106
0.14425	0.06875	5.951987
0.1445	0.068125	5.946854
0.14475	0.0696875	5.941706
0.145	0.0675	5.936547
0.14525	0.07125	5.931403
0.1455	0.0715625	5.92624
0.14575	0.0734375	5.921071
0.146	0.0696875	5.915892
0.14625	0.06625	5.910726
0.1465	0.0659375	5.905594
0.14675	0.065625	5.900494
0.147	0.0653125	5.895424
0.14725	0.068125	5.890376
0.1475	0.0703125	5.885319
0.14775	0.0725	5.880256
0.148	0.070625	5.875173
0.14825	0.0684375	5.870065
0.1485	0.0684375	5.864956
0.14875	0.0659375	5.859837
0.149	0.0671875	5.854714
0.14925	0.0653125	5.84957
0.1495	0.0628125	5.844414
0.14975	0.0634375	5.839249
0.15	0.06375	5.834057
0.15025	0.06	5.828846
0.1505	0.0615625	5.823626
0.15075	0.0603125	5.818368
0.151	0.058125	5.81308
0.15125	0.0559375	5.807768
0.1515	0.0525	5.80243
0.15175	0.05	5.797082
0.152	0.049375	5.791721
0.15225	0.0475	5.786354
0.1525	0.050625	5.780976
0.15275	0.0465625	5.775576
0.153	0.0465625	5.770167
0.15325	0.045	5.764736
0.1535	0.044375	5.759285
0.15375	0.045	5.753826
0.154	0.0428125	5.748344
0.15425	0.0403125	5.742851
0.1545	0.04125	5.737356
0.15475	0.040625	5.731852
0.155	0.0425	5.726338
0.15525	0.0428125	5.720813
0.1555	0.0421875	5.715275
0.15575	0.04125	5.709726
0.156	0.04125	5.704172
0.15625	0.04375	5.698618
0.1565	0.0434375	5.693052
0.15675	0.041875	5.687479
0.157	0.0453125	5.681919
0.15725	0.0453125	5.676353
0.1575	0.0471875	5.67079
0.15775	0.0475	5.665234
0.158	0.0484375	5.659684
0.15825	0.05	5.654134
0.1585	0.050625	5.648581
0.15875	0.0515625	5.643032
0.159	0.05375	5.637487
0.15925	0.0528125	5.631938
0.1595	0.0565625	5.626413
0.15975	0.0584375	5.620898
0.16	0.0578125	5.615389
0.16025	0.0590625	5.609913
0.1605	0.06	5.604453
0.16075	0.061875	5.599013
0.161	0.0609375	5.593592
0.16125	0.0615625	5.588205
0.1615	0.0634375	5.582842
0.16175	0.0640625	5.577484
0.162	0.0659375	5.572147
0.16225	0.0684375	5.566826
0.1625	0.0634375	5.5615
0.16275	0.0653125	5.556216
0.163	0.06625	5.550968
0.16325	0.066875	5.545742
0.1635	0.0678125	5.540533
0.16375	0.0675	5.535327
0.164	0.0659375	5.53013
0.16425	0.0653125	5.524944
0.1645	0.0634375	5.519773
0.16475	0.0659375	5.514625
0.165	0.065	5.509473
0.16525	0.063125	5.504325
0.1655	0.0625	5.499181
0.16575	0.059375	5.494026
0.166	0.0596875	5.48888
0.16625	0.05875	5.483737
0.1665	0.05625	5.478603
0.16675	0.055	5.473488
0.167	0.0546875	5.468392
0.16725	0.0540625	5.463315
0.1675	0.0521875	5.458254
0.16775	0.0484375	5.453219
0.168	0.0490625	5.448227
0.16825	0.0478125	5.443267
0.1685	0.0465625	5.438362
0.16875	0.045	5.433521
0.169	0.0428125	5.428746
0.16925	0.04375	5.424043
0.1695	0.0440625	5.419396
0.16975	0.04	5.414793
0.17	0.03875	5.410236
0.17025	0.03875	5.40571
0.1705	0.038125	5.401215
0.17075	0.0375	5.396745
0.171	0.0371875	5.3923
0.17125	0.03875	5.38789
0.1715	0.038125	5.383496
0.17175	0.0384375	5.379126
0.172	0.0403125	5.374782
0.17225	0.03875	5.370458
0.1725	0.0409375	5.366162
0.17275	0.0396875	5.361875
0.173	0.0403125	5.357609
0.17325	0.0396875	5.353374
0.1735	0.04125	5.349166
0.17375	0.0428125	5.344993
0.174	0.0459375	5.340842
0.17425	0.0459375	5.336704
0.1745	0.0484375	5.332591
0.17475	0.0453125	5.328496
0.175	0.0471875	5.32444
0.17525	0.0515625	5.320424
0.1755	0.0528125	5.316426
0.17575	0.055	5.31244
0.176	0.0559375	5.308447
0.17625	0.0559375	5.30445
0.1765	0.0578125	5.30045
0.17675	0.0571875	5.296439
0.177	0.0590625	5.29243
0.17725	0.060625	5.28841
0.1775	0.0609375	5.284371
0.17775	0.0625	5.280324
0.178	0.0596875	5.276261
0.17825	0.060625	5.272209
0.1785	0.0634375	5.268159
0.17875	0.0628125	5.264097
0.179	0.0675	5.260029
0.17925	0.065625	5.255925
0.1795	0.0640625	5.251808
0.17975	0.065	5.247683
0.18	0.0646875	5.243536
0.18025	0.0665625	5.239381
0.1805	0.064375	5.235216
0.18075	0.0628125	5.231059
0.181	0.06375	5.226945
0.18125	0.060625	5.222871
0.1815	0.0609375	5.218888
0.18175	0.0609375	5.21499
0.182	0.0578125	5.211179
0.18225	0.0559375	5.207464
0.1825	0.055	5.20382
0.18275	0.055625	5.200248
0.183	0.05375	5.196749
0.18325	0.0515625	5.193318
0.1835	0.053125	5.189942
0.18375	0.0509375	5.186606
0.184	0.0490625	5.183293
0.18425	0.0484375	5.180001
0.1845	0.048125	5.176713
0.18475	0.0475	5.173406
0.185	0.0465625	5.170058
0.18525	0.0428125	5.16666
0.1855	0.0425	5.163249
0.18575	0.040625	5.159826
0.186	0.0390625	5.156422
0.18625	0.039375	5.15307
0.1865	0.038125	5.149793
0.18675	0.04	5.146634
0.187	0.0375	5.143614
0.18725	0.0365625	5.140753
0.1875	0.039375	5.138045
0.18775	0.0378125	5.135443
0.188	0.0365625	5.132921
0.18825	0.03625	5.130448
0.1885	0.0365625	5.127996
0.18875	0.036875	5.125564
0.189	0.03625	5.123151
0.18925	0.03875	5.120772
0.1895	0.036875	5.118423
0.18975	0.0353125	5.116111
0.19	0.03875	5.113844
0.19025	0.0396875	5.111599
0.1905	0.039375	5.109367
0.19075	0.0390625	5.107161
0.191	0.039375	5.104993
0.19125	0.0421875	5.102885
0.1915	0.0440625	5.10084
0.19175	0.0434375	5.098854
0.192	0.04625	5.096932
0.19225	0.0453125	5.095053
0.1925	0.0471875	5.093228
0.19275	0.0490625	5.091473
0.193	0.05	5.089794
0.19325	0.0509375	5.088222
0.1935	0.0521875	5.086752
0.19375	0.053125	5.085385
0.194	0.0546875	5.08409
0.19425	0.055625	5.082846
0.1945	0.0571875	5.081667
0.19475	0.0559375	5.080564
0.195	0.059375	5.079571
0.19525	0.0609375	5.078672
0.1955	0.05875	5.077822
0.19575	0.06	5.077016
0.196	0.06125	5.076218
0.19625	0.0625	5.0754
0.1965	0.0634375	5.074523
0.19675	0.0628125	5.073559
0.197	0.0615625	5.072508
0.19725	0.0596875	5.071376
0.1975	0.0578125	5.070176
0.19775	0.060625	5.068924
0.198	0.0584375	5.067622
0.19825	0.055	5.066302
0.1985	0.0575	5.064991
0.19875	0.0575	5.063662
0.199	0.0553125	5.062309
0.19925	0.0559375	5.060941
0.1995	0.055625	5.059568
0.19975	0.0534375	5.058226
0.2	0.0525	5.056964
0.20025	0.0534375	5.055823
0.2005	0.05125	5.054837
0.20075	0.0471875	5.054021
0.201	0.0490625	5.053399
0.20125	0.0465625	5.052929
0.2015	0.0434375	5.052588
0.20175	0.044375	5.052399
0.202	0.040625	5.052364
0.20225	0.04125	5.052535
0.2025	0.038125	5.052951
0.20275	0.038125	5.053596
0.203	0.0371875	5.05446
0.20325	0.033125	5.055502
0.2035	0.0321875	5.056691
0.20375	0.0325	5.05798
0.204	0.0303125	5.059338
0.20425	0.031875	5.060773
0.2045	0.0328125	5.062265
0.20475	0.030625	5.063809
0.205	0.0315625	5.065425
0.20525	0.0309375	5.067099
0.2055	0.0303125	5.068835
0.20575	0.03125	5.07064
0.206	0.0309375	5.072504
0.20625	0.0325	5.07443
0.2065	0.0303125	5.076413
0.20675	0.03	5.078455
0.207	0.0340625	5.080565
0.20725	0.0325	5.082715
0.2075	0.033125	5.084922
0.20775	0.03625	5.08719
0.208	0.03625	5.089511
0.20825	0.0365625	5.091892
0.2085	0.0365625	5.094343
0.20875	0.039375	5.096888
0.209	0.04	5.099526
0.20925	0.0425	5.102262
0.2095	0.0471875	5.10508
0.20975	0.0484375	5.107952
0.21	0.05125	5.110864
0.21025	0.055	5.113786
0.2105	0.05375	5.11667
0.21075	0.0565625	5.119522
0.211	0.05875	5.122321
0.21125	0.05625	5.12506
0.2115	0.0578125	5.127759
0.21175	0.0546875	5.130406
0.212	0.059375	5.133016
0.21225	0.0596875	5.135553
0.2125	0.06	5.13805
0.21275	0.06375	5.140568
0.213	0.0646875	5.143131
0.21325	0.064375	5.145737
0.2135	0.0646875	5.148331
0.21375	0.061875	5.150841
0.214	0.06	5.153295
0.21425	0.059375	5.155823
0.2145	0.0575	5.158571
0.21475	0.056875	5.161678
0.215	0.05375	5.165241
0.21525	0.0540625	5.169411
0.2155	0.053125	5.174202
0.21575	0.0490625	5.179544
0.216	0.0503125	5.185335
0.21625	0.0496875	5.191443
0.2165	0.0509375	5.197756
0.21675	0.0525	5.204186
0.217	0.0515625	5.210672
0.21725	0.0496875	5.217195
0.2175	0.05	5.223744
0.21775	0.0496875	5.230293
0.218	0.051875	5.236835
0.21825	0.05375	5.243353
0.2185	0.0590625	5.24986
0.21875	0.0628125	5.256332
0.219	0.061875	5.262737
0.21925	0.0625	5.269075
0.2195	0.060625	5.275318
0.21975	0.054375	5.281464
0.22	0.0509375	5.287528
0.22025	0.044375	5.293509
0.2205	0.04	5.299431
0.22075	0.0384375	5.30531
0.221	0.0384375	5.311152
0.22125	0.04125	5.316955
0.2215	0.0403125	5.322711
0.22175	0.043125	5.328438
0.222	0.041875	5.334168
0.22225	0.040625	5.339969
0.2225	0.041875	5.34589
0.22275	0.0384375	5.351904
0.223	0.0421875	5.357986
0.22325	0.044375	5.364086
0.2235	0.044375	5.370166
0.22375	0.0459375	5.376207
0.224	0.0446875	5.382195
0.22425	0.0446875	5.38814
0.2245	0.0484375	5.394054
0.22475	0.0496875	5.399922
0.225	0.0503125	5.405747
0.22525	0.05125	5.411528
0.2255	0.0509375	5.417276
0.22575	0.0515625	5.423036
0.226	0.0478125	5.428842
0.22625	0.0478125	5.434774
0.2265	0.0484375	5.440889
0.22675	0.045	5.447208
0.227	0.0465625	5.45378
0.22725	0.0446875	5.460571
0.2275	0.044375	5.467562
0.22775	0.0484375	5.474736
0.228	0.0475	5.482046
0.22825	0.050625	5.489479
0.2285	0.05125	5.496996
0.22875	0.0490625	5.504599
0.229	0.0525	5.512304
0.22925	0.051875	5.520077
0.2295	0.0540625	5.52794
0.22975	0.0575	5.535877
0.23	0.0559375	5.543862
0.23025	0.0603125	5.551911
0.2305	0.06375	5.560004
0.23075	0.064375	5.568127
0.231	0.069375	5.576274
0.23125	0.069375	5.584408
0.2315	0.073125	5.592537
0.23175	0.0715625	5.600621
0.232	0.07125	5.608672
0.23225	0.0734375	5.616695
0.2325	0.070625	5.624655
0.23275	0.070625	5.632573
0.233	0.0734375	5.640444
0.23325	0.0709375	5.648248
0.2335	0.0628125	5.656005
0.23375	0.05625	5.663753
0.234	0.0465625	5.671524
0.23425	0.0390625	5.679362
0.2345	0.0375	5.68728
0.23475	0.0378125	5.695274
0.235	0.04125	5.703317
0.23525	0.0446875	5.711372
0.2355	0.055	5.719408
0.23575	0.0578125	5.727355
0.236	0.0640625	5.735198
0.23625	0.0728125	5.742901
0.2365	0.0784375	5.750414
0.23675	0.083125	5.757705
0.237	0.0821875	5.76474
0.23725	0.079375	5.771527
0.2375	0.0734375	5.778088
0.23775	0.0609375	5.784473
0.238	0.0490625	5.790779
0.23825	0.0321875	5.797078
0.2385	0.009375	5.803425
0.23875	-0.00125	5.809862
0.239	-0.0034375	5.816393
0.23925	0.0021875	5.823019
0.2395	0.01125	5.829734
0.23975	0.0146875	5.836536
0.24	0.0190625	5.843419
0.24025	0.0153125	5.850376
0.2405	0.0153125	5.857421
0.24075	0.0234375	5.864555
0.241	0.026875	5.87176
0.24125	0.038125	5.879024
0.2415	0.0440625	5.886322
0.24175	0.0415625	5.893638
0.242	0.04125	5.900987
0.24225	0.04125	5.908368
0.2425	0.044375	5.915791
0.24275	0.0496875	5.923241
0.243	0.055625	5.930701
0.24325	0.064375	5.93816
0.2435	0.0675	5.945573
0.24375	0.065625	5.952919
0.244	0.0621875	5.960215
0.24425	0.058125	5.967483
0.2445	0.0615625	5.974745
0.24475	0.07125	5.98199
0.245	0.078125	5.989173
0.24525	0.0778125	5.996253
0.2455	0.0696875	6.003235
0.24575	0.060625	6.01018
0.246	0.0490625	6.017132
0.24625	0.035625	6.024141
0.2465	0.02375	6.031271
0.24675	0.0084375	6.038546
0.247	0.001875	6.045985
0.24725	0.0040625	6.053587
0.2475	0.0003125	6.061349
0.24775	0.003125	6.069272
0.248	0.0165625	6.077346
0.24825	0.0303125	6.08557
0.2485	0.0378125	6.093908
0.24875	0.034375	6.10233
0.249	0.0315625	6.110849
0.24925	0.0340625	6.11947
0.2495	0.039375	6.128181
0.24975	0.0565625	6.136961
0.25	0.0709375	6.145746
0.25025	0.080625	6.154456
0.2505	0.089375	6.163025
0.25075	0.0925	6.171394
0.251	0.0928125	6.179533
0.25125	0.085625	6.187431
0.2515	0.079375	6.195137
0.25175	0.0825	6.202691
0.252	0.0865625	6.21006
0.25225	0.0959375	6.217217
0.2525	0.1046875	6.224089
0.25275	0.1	6.230597
0.253	0.0965625	6.236781
0.25325	0.0884375	6.242665
0.2535	0.078125	6.248306
0.25375	0.064375	6.253771
0.254	0.0540625	6.259126
0.25425	0.054375	6.264421
0.2545	0.05125	6.269652
0.25475	0.0515625	6.27483
0.255	0.055625	6.279963
0.25525	0.0525	6.285027
0.2555	0.0521875	6.290034
0.25575	0.0525	6.294998
0.256	0.0515625	6.299906
0.25625	0.053125	6.304769
0.2565	0.0521875	6.309578
0.25675	0.05	6.314345
0.257	0.050625	6.319071
0.25725	0.0484375	6.323751
0.2575	0.049375	6.328406
0.25775	0.051875	6.333026
0.258	0.050625	6.337605
0.25825	0.0540625	6.342159
0.2585	0.0571875	6.346667
0.25875	0.06375	6.351122
0.259	0.066875	6.355498
0.25925	0.0671875	6.359782
0.2595	0.065625	6.363974
0.25975	0.0625	6.368086
0.26	0.0565625	6.372146
0.26025	0.0484375	6.37619
0.2605	0.0346875	6.380252
0.26075	0.03125	6.384394
0.261	0.0265625	6.388625
0.26125	0.02625	6.39296
0.2615	0.0309375	6.397407
0.26175	0.03	6.401947
0.262	0.019375	6.406594
0.26225	-0.0046875	6.411358
0.2625	-0.03375	6.416264
0.26275	-0.05875	6.421277
0.263	-0.0775	6.426301
0.26325	-0.0775	6.431251
0.2635	-0.0584375	6.436132
0.26375	-0.020625	6.44104
0.264	0.0278125	6.446094
0.26425	0.07625	6.451283
0.2645	0.109375	6.4564
0.26475	0.1315625	6.461207
0.265	0.146875	6.465494
0.26525	0.1640625	6.469102
0.2655	0.1665625	6.471819
0.26575	0.1575	6.473619
0.266	0.1415625	6.474609
0.26625	0.1228125	6.47496
0.2665	0.10125	6.474868
0.26675	0.08375	6.474513
0.267	0.070625	6.474017
0.26725	0.0653125	6.473465
0.2675	0.0578125	6.472879
0.26775	0.0496875	6.472285
0.268	0.046875	6.471711
0.26825	0.049375	6.471161
0.2685	0.0565625	6.47063
0.26875	0.0596875	6.470093
0.269	0.0565625	6.469542
0.26925	0.055625	6.468999
0.2695	0.048125	6.468462
0.26975	0.039375	6.467962
0.27	0.0275	6.467522
0.27025	0.0196875	6.467149
0.2705	0.0140625	6.466853
0.27075	0.0115625	6.466631
0.271	0.0140625	6.466469
0.27125	0.0128125	6.466372
0.2715	0.01625	6.466337
0.27175	0.026875	6.466371
0.272	0.051875	6.466452
0.27225	0.073125	6.466515
0.2725	0.084375	6.466452
0.27275	0.0796875	6.466194
0.273	0.0671875	6.465773
0.27325	0.055	6.465264
0.2735	0.041875	6.464725
0.27375	0.03125	6.464213
0.274	0.02375	6.463761
0.27425	0.0228125	6.463384
0.2745	0.02875	6.463081
0.27475	0.02875	6.462838
0.275	0.0321875	6.462665
0.27525	0.03625	6.462551
0.2755	0.04375	6.462491
0.27575	0.0571875	6.462476
0.276	0.0696875	6.462447
0.27625	0.0859375	6.462348
0.2765	0.0984375	6.462086
0.27675	0.104375	6.461571
0.277	0.11	6.460766
0.27725	0.105625	6.459617
0.2775	0.0984375	6.458164
0.27775	0.09375	6.456468
0.278	0.0859375	6.454567
0.27825	0.0803125	6.452535
0.2785	0.07625	6.450428
0.27875	0.0765625	6.448278
0.279	0.075625	6.446094
0.27925	0.071875	6.443869
0.2795	0.0728125	6.441624
0.27975	0.073125	6.439337
0.28	0.0715625	6.436983
0.28025	0.0740625	6.434563
0.2805	0.074375	6.432044
0.28075	0.0753125	6.429427
0.281	0.0753125	6.42672
0.28125	0.0753125	6.423918
0.2815	0.07625	6.421046
0.28175	0.0746875	6.418102
0.282	0.0746875	6.415101
0.28225	0.075	6.412051
0.2825	0.071875	6.408952
0.28275	0.0734375	6.405827
0.283	0.0728125	6.402668
0.28325	0.0721875	6.399469
0.2835	0.0740625	6.396242
0.28375	0.0728125	6.39297
0.284	0.0709375	6.389639
0.28425	0.073125	6.386241
0.2845	0.0690625	6.382737
0.28475	0.0671875	6.379139
0.285	0.056875	6.375449
0.28525	0.0478125	6.371714
0.2855	0.038125	6.36798
0.28575	0.0259375	6.364276
0.286	0.0221875	6.360649
0.28625	0.0240625	6.357114
0.2865	0.0275	6.353678
0.28675	0.03	6.350359
0.287	0.028125	6.347162
0.28725	0.028125	6.344108
0.2875	0.0321875	6.341195
0.28775	0.039375	6.338401
0.288	0.0503125	6.335693
0.28825	0.0578125	6.332997
0.2885	0.0575	6.330257
0.28875	0.05875	6.327449
0.289	0.0584375	6.32454
0.28925	0.058125	6.321536
0.2895	0.058125	6.318441
0.28975	0.0559375	6.315251
0.29	0.058125	6.311983
0.29025	0.056875	6.308625
0.2905	0.0596875	6.305194
0.29075	0.0596875	6.301674
0.291	0.056875	6.298065
0.29125	0.0565625	6.294387
0.2915	0.0584375	6.290644
0.29175	0.0575	6.286843
0.292	0.06	6.283002
0.29225	0.0590625	6.279104
0.2925	0.0609375	6.275154
0.29275	0.06	6.27115
0.293	0.0603125	6.267103
0.29325	0.0646875	6.263028
0.2935	0.063125	6.258909
0.29375	0.0615625	6.254784
0.294	0.0628125	6.250668
0.29425	0.0625	6.246546
0.2945	0.063125	6.242418
0.29475	0.06375	6.238276
0.295	0.0653125	6.234125
0.29525	0.0671875	6.229991
0.2955	0.065625	6.225884
0.29575	0.0675	6.221814
0.296	0.0675	6.217751
0.29625	0.066875	6.213669
0.2965	0.0709375	6.209547
0.29675	0.06875	6.20534
0.297	0.0675	6.201046
0.29725	0.0671875	6.196659
0.2975	0.0671875	6.192177
0.29775	0.069375	6.187607
0.298	0.068125	6.182935
0.29825	0.06875	6.17816
0.2985	0.068125	6.173287
0.29875	0.066875	6.168331
0.299	0.0665625	6.163313
0.29925	0.0659375	6.158222
0.2995	0.065	6.153053
0.29975	0.064375	6.147819
0.3	0.0640625	6.142524
0.30025	0.0640625	6.137204
0.3005	0.0621875	6.131894
0.30075	0.0609375	6.126629
0.301	0.0596875	6.121449
0.30125	0.0590625	6.116364
0.3015	0.0565625	6.111378
0.30175	0.056875	6.106476
0.302	0.05375	6.101637
0.30225	0.0534375	6.096874
0.3025	0.053125	6.0922
0.30275	0.0478125	6.087649
0.303	0.0503125	6.083286
0.30325	0.04875	6.079071
0.3035	0.0478125	6.075003
0.30375	0.0490625	6.071049
0.304	0.0446875	6.067165
0.30425	0.0453125	6.063332
0.3045	0.0428125	6.059524
0.30475	0.043125	6.05574
0.305	0.0459375	6.051977
0.30525	0.0446875	6.048222
0.3055	0.04375	6.044493
0.30575	0.0484375	6.040789
0.306	0.0453125	6.037092
0.30625	0.0471875	6.033413
0.3065	0.0459375	6.029747
0.30675	0.04875	6.026104
0.307	0.0471875	6.022471
0.30725	0.045625	6.018845
0.3075	0.04875	6.015239
0.30775	0.0478125	6.011637
0.308	0.0478125	6.008042
0.30825	0.051875	6.004462
0.3085	0.0484375	6.000882
0.30875	0.0515625	5.997326
0.309	0.054375	5.99379
0.30925	0.0525	5.990284
0.3095	0.0534375	5.986827
0.30975	0.0534375	5.983414
0.31	0.055	5.98005
0.31025	0.0578125	5.976719
0.3105	0.0559375	5.973392
0.31075	0.0609375	5.970059
0.311	0.060625	5.966678
0.31125	0.06125	5.963246
0.3115	0.0628125	5.959755
0.31175	0.0609375	5.956194
0.312	0.0640625	5.952588
0.31225	0.0634375	5.948923
0.3125	0.06375	5.945192
0.31275	0.066875	5.941396
0.313	0.06375	5.937534
0.31325	0.0659375	5.933671
0.3135	0.0665625	5.92985
0.31375	0.0646875	5.926059
0.314	0.0678125	5.92226
0.31425	0.0696875	5.918367
0.3145	0.0675	5.914381
0.31475	0.06625	5.910417
0.315	0.0659375	5.906598
0.31525	0.0675	5.903043
0.3155	0.066875	5.899829
0.31575	0.0678125	5.89707
0.316	0.0671875	5.894781
0.31625	0.065	5.892893
0.3165	0.06625	5.891324
0.31675	0.0659375	5.889964
0.317	0.06375	5.888708
0.31725	0.065	5.887496
0.3175	0.0646875	5.886276
0.31775	0.06125	5.885032
0.318	0.0590625	5.883766
0.31825	0.0565625	5.882463
0.3185	0.0565625	5.881131
0.31875	0.055625	5.879776
0.319	0.0546875	5.878406
0.31925	0.05375	5.877039
0.3195	0.05125	5.875665
0.31975	0.0515625	5.874293
0.32	0.05125	5.872906
0.32025	0.0453125	5.871482
0.3205	0.0465625	5.870028
0.32075	0.0471875	5.868532
0.321	0.0440625	5.86699
0.32125	0.0475	5.865409
0.3215	0.045625	5.863777
0.32175	0.0484375	5.862106
0.322	0.049375	5.860385
0.32225	0.0490625	5.858616
0.3225	0.0503125	5.85685
0.32275	0.0478125	5.855139
0.323	0.0496875	5.853532
0.32325	0.0546875	5.85201
0.3235	0.05125	5.850508
0.32375	0.055	5.849014
0.324	0.0553125	5.847484
0.32425	0.054375	5.845907
0.3245	0.05375	5.844277
0.32475	0.0534375	5.842595
0.325	0.05375	5.840873
0.32525	0.0525	5.839112
0.3255	0.0540625	5.837319
0.32575	0.05875	5.835507
0.326	0.0571875	5.833661
0.32625	0.05875	5.831821
0.3265	0.0621875	5.830009
0.32675	0.0628125	5.828268
0.327	0.065625	5.826647
0.32725	0.0646875	5.825154
0.3275	0.06625	5.823826
0.32775	0.0684375	5.822641
0.328	0.0696875	5.821548
0.32825	0.075625	5.820531
0.3285	0.081875	5.819521
0.32875	0.0828125	5.81845
0.329	0.08625	5.817299
0.32925	0.0828125	5.816044
0.3295	0.08125	5.814706
0.32975	0.0759375	5.813284
0.33	0.065625	5.811813
0.33025	0.06	5.810352
0.3305	0.0525	5.80892
0.33075	0.0490625	5.80757
0.331	0.050625	5.806315
0.33125	0.04875	5.805154
0.3315	0.054375	5.804098
0.33175	0.055625	5.803128
0.332	0.0546875	5.802239
0.33225	0.06	5.801429
0.3325	0.060625	5.800659
0.33275	0.060625	5.799906
0.333	0.06375	5.799138
0.33325	0.0609375	5.798333
0.3335	0.0603125	5.79749
0.33375	0.0603125	5.796613
0.334	0.06125	5.795708
0.33425	0.0596875	5.794776
0.3345	0.055625	5.793831
0.33475	0.0571875	5.792943
0.335	0.0546875	5.792149
0.33525	0.0534375	5.791506
0.3355	0.055	5.791002
0.33575	0.0503125	5.790608
0.336	0.0496875	5.790325
0.33625	0.04875	5.790118
0.3365	0.048125	5.789973
0.33675	0.0475	5.789892
0.337	0.0453125	5.789858
0.33725	0.0453125	5.789868
0.3375	0.0459375	5.789896
0.33775	0.0446875	5.789909
0.338	0.0459375	5.789894
0.33825	0.045	5.789831
0.3385	0.0453125	5.789739
0.33875	0.046875	5.789629
0.339	0.041875	5.789496
0.33925	0.0453125	5.789362
0.3395	0.0459375	5.789213
0.33975	0.045	5.789048
0.34	0.04625	5.788873
0.34025	0.0471875	5.788683
0.3405	0.048125	5.788496
0.34075	0.050625	5.788342
0.341	0.04875	5.788247
0.34125	0.0509375	5.788256
0.3415	0.0490625	5.788358
0.34175	0.050625	5.788552
0.342	0.0525	5.788839
0.34225	0.051875	5.789211
0.3425	0.0528125	5.78968
0.34275	0.055625	5.790234
0.343	0.0571875	5.790864
0.34325	0.0578125	5.791555
0.3435	0.0578125	5.792304
0.34375	0.06	5.793122
0.344	0.0603125	5.793998
0.34425	0.0578125	5.794914
0.3445	0.0621875	5.795875
0.34475	0.063125	5.796853
0.345	0.06375	5.797845
0.34525	0.0665625	5.798853
0.3455	0.06625	5.799861
0.34575	0.0675	5.80087
0.346	0.0690625	5.801845
0.34625	0.0675	5.802761
0.3465	0.069375	5.803623
0.34675	0.0671875	5.804413
0.347	0.06875	5.805172
0.34725	0.0671875	5.805919
0.3475	0.066875	5.806675
0.34775	0.0690625	5.807463
0.348	0.068125	5.808275
0.34825	0.0659375	5.809105
0.3485	0.066875	5.809944
0.34875	0.066875	5.810778
0.349	0.0678125	5.811607
0.34925	0.065	5.812417
0.3495	0.0634375	5.813217
0.34975	0.065	5.814022
0.35	0.0634375	5.814814
0.35025	0.0625	5.815607
0.3505	0.063125	5.816408
0.35075	0.060625	5.817199
0.351	0.0621875	5.81799
0.35125	0.05875	5.818774
0.3515	0.05875	5.819573
0.35175	0.0590625	5.820377
0.352	0.0578125	5.821175
0.35225	0.055	5.821977
0.3525	0.0521875	5.822787
0.35275	0.051875	5.8236
0.353	0.054375	5.824405
0.35325	0.0509375	5.825162
0.3535	0.0521875	5.825884
0.35375	0.05	5.826557
0.354	0.0475	5.827183
0.35425	0.05	5.827773
0.3545	0.049375	5.828314
0.35475	0.0453125	5.828814
0.355	0.0471875	5.829291
0.35525	0.0459375	5.829737
0.3555	0.0478125	5.830178
0.35575	0.0484375	5.830605
0.356	0.0490625	5.831022
0.35625	0.049375	5.831443
0.3565	0.049375	5.83187
0.35675	0.0515625	5.832329
0.357	0.05125	5.832824
0.35725	0.049375	5.833372
0.3575	0.05125	5.833979
0.35775	0.0521875	5.834623
0.358	0.05125	5.8353
0.35825	0.051875	5.835992
0.3585	0.05375	5.836684
0.35875	0.055	5.837382
0.359	0.0559375	5.83807
0.35925	0.0584375	5.838751
0.3595	0.0590625	5.839431
0.35975	0.0590625	5.840104
0.36	0.0615625	5.840785
0.36025	0.0621875	5.841472
0.3605	0.0609375	5.842174
0.36075	0.061875	5.842918
0.361	0.0625	5.843695
0.36125	0.0634375	5.844518
0.3615	0.06375	5.845384
0.36175	0.0628125	5.846268
0.362	0.06625	5.847173
0.36225	0.0675	5.848055
0.3625	0.068125	5.848895
0.36275	0.07125	5.849673
0.363	0.0690625	5.850366
0.36325	0.06875	5.850998
0.3635	0.0696875	5.851572
0.36375	0.06625	5.852091
0.364	0.068125	5.852582
0.36425	0.0671875	5.853028
0.3645	0.0675	5.853453
0.36475	0.0665625	5.853868
0.365	0.0628125	5.854269
0.36525	0.0634375	5.854678
0.3655	0.0628125	5.855084
0.36575	0.0615625	5.855496
0.366	0.061875	5.855916
0.36625	0.05875	5.856338
0.3665	0.059375	5.856776
0.36675	0.0609375	5.857215
0.367	0.0584375	5.857643
0.36725	0.0571875	5.858071
0.3675	0.0546875	5.858488
0.36775	0.0553125	5.858914
0.368	0.0553125	5.859346
0.36825	0.053125	5.859769
0.3685	0.0534375	5.8602
0.36875	0.0528125	5.86063
0.369	0.04875	5.861071
0.36925	0.0496875	5.861533
0.3695	0.0484375	5.862003
0.36975	0.048125	5.862479
0.37	0.0471875	5.862953
0.37025	0.044375	5.863425
0.3705	0.0446875	5.863904
0.37075	0.0434375	5.864378
0.371	0.0459375	5.864861
0.37125	0.044375	5.865344
0.3715	0.0440625	5.865824
0.37175	0.0459375	5.8663
0.372	0.0453125	5.866752
0.37225	0.044375	5.867186
0.3725	0.0478125	5.867604
0.37275	0.048125	5.867991
0.373	0.0496875	5.868349
0.37325	0.05	5.868665
0.3735	0.05	5.868936
0.37375	0.05125	5.869171
0.374	0.051875	5.869354
0.37425	0.053125	5.869494
0.3745	0.054375	5.869587
0.37475	0.0528125	5.869626
0.375	0.0546875	5.869622
0.37525	0.055625	5.869568
0.3755	0.055625	5.869478
0.37575	0.0596875	5.869373
0.376	0.0590625	5.869263
0.37625	0.0596875	5.869197
0.3765	0.0584375	5.869203
0.37675	0.0603125	5.869331
0.377	0.0628125	5.86961
0.37725	0.06125	5.87004
0.3775	0.0634375	5.870656
0.37775	0.06625	5.87145
0.378	0.0634375	5.8724
0.37825	0.0671875	5.873528
0.3785	0.06625	5.874795
0.37875	0.0640625	5.876216
0.379	0.0640625	5.877816
0.37925	0.0646875	5.879572
0.3795	0.0640625	5.881462
0.37975	0.0640625	5.88344
0.38	0.0625	5.885467
0.38025	0.06125	5.88751
0.3805	0.0596875	5.889532
0.38075	0.06125	5.891523
0.381	0.0625	5.893458
0.38125	0.06125	5.895333
0.3815	0.06375	5.897177
0.38175	0.0653125	5.898982
0.382	0.064375	5.900755
0.38225	0.0646875	5.902519
0.3825	0.0590625	5.904284
0.38275	0.0496875	5.906104
0.383	0.04	5.908026
0.38325	0.029375	5.910087
0.3835	0.0221875	5.912315
0.38375	0.0190625	5.914707
0.384	0.0228125	5.917257
0.38425	0.0309375	5.919936
0.3845	0.0390625	5.922715
0.38475	0.05875	5.925553
0.385	0.0790625	5.928344
0.38525	0.091875	5.930966
0.3855	0.095	5.933309
0.38575	0.0946875	5.935341
0.386	0.0934375	5.937065
0.38625	0.08875	5.938478
0.3865	0.0846875	5.939616
0.38675	0.0834375	5.940507
0.387	0.0775	5.941158
0.38725	0.0725	5.941617
0.3875	0.0646875	5.941916
0.38775	0.051875	5.942113
0.388	0.0403125	5.942298
0.38825	0.0228125	5.942525
0.3885	0.006875	5.942848
0.38875	0.00125	5.943287
0.389	0.00125	5.943836
0.38925	0.0025	5.94449
0.3895	0.0034375	5.945231
0.38975	0.0071875	5.946064
0.39	0.014375	5.946999
0.39025	0.020625	5.948032
0.3905	0.0359375	5.949166
0.39075	0.05375	5.950364
0.391	0.0659375	5.951569
0.39125	0.0778125	5.952736
0.3915	0.0790625	5.953793
0.39175	0.0771875	5.954742
0.392	0.0778125	5.955602
0.39225	0.07875	5.956374
0.3925	0.079375	5.957056
0.39275	0.0778125	5.957645
0.393	0.0778125	5.958154
0.39325	0.07625	5.958589
0.3935	0.0759375	5.958956
0.39375	0.0753125	5.959259
0.394	0.0775	5.959506
0.39425	0.073125	5.959684
0.3945	0.0696875	5.959825
0.39475	0.0678125	5.959941
0.395	0.0684375	5.960057
0.39525	0.0690625	5.960172
0.3955	0.068125	5.960283
0.39575	0.0659375	5.960399
0.396	0.0565625	5.960531
0.39625	0.0471875	5.960729
0.3965	0.0446875	5.961038
0.39675	0.0428125	5.961451
0.397	0.05	5.961978
0.39725	0.0646875	5.962581
0.3975	0.07	5.96319
0.39775	0.0771875	5.963761
0.398	0.0784375	5.964242
0.39825	0.0728125	5.964624
0.3985	0.0665625	5.964936
0.39875	0.06375	5.965207
0.399	0.0640625	5.965463
0.39925	0.06125	5.9657
0.3995	0.0603125	5.96594
0.39975	0.0621875	5.966189
0.4	0.0603125	5.966189
0.40025	0.063125	5.966189
0.4005	0.0634375	5.966189
0.40075	0.0590625	5.966189
0.401	0.05875	5.966189
0.40125	0.0609375	5.966189
0.4015	0.063125	5.966189
0.40175	0.0609375	5.966189
0.402	0.0590625	5.966189
0.40225	0.060625	5.966189
0.4025	0.0590625	5.966189
0.40275	0.0525	5.966189
0.403	0.046875	5.966189
0.40325	0.0375	5.966189
0.4035	0.0309375	5.966189
0.40375	0.0275	5.966189
0.404	0.0228125	5.966189
0.40425	0.0225	5.966189
0.4045	0.02375	5.966189
0.40475	0.0309375	5.966189
0.405	0.0340625	5.966189
0.40525	0.034375	5.966189
0.4055	0.0428125	5.966189
0.40575	0.0446875	5.966189
0.406	0.0475	5.966189
0.40625	0.0515625	5.966189
0.4065	0.055625	5.966189
0.40675	0.0640625	5.966189
0.407	0.0709375	5.966189
0.40725	0.0725	5.966189
0.4075	0.0740625	5.966189
0.40775	0.070625	5.966189
0.408	0.0671875	5.966189
0.40825	0.06125	5.966189
0.4085	0.055625	5.966189
0.40875	0.0578125	5.966189
0.409	0.056875	5.966189
0.40925	0.0571875	5.966189
0.4095	0.0625	5.966189
0.40975	0.061875	5.966189
0.41	0.066875	5.966189
0.41025	0.0709375	5.966189
0.4105	0.074375	5.966189
0.41075	0.076875	5.966189
0.411	0.078125	5.966189
0.41125	0.08	5.966189
0.4115	0.079375	5.966189
0.41175	0.0728125	5.966189
0.412	0.07	5.966189
0.41225	0.0634375	5.966189
0.4125	0.0546875	5.966189
0.41275	0.04875	5.966189
0.413	0.045	5.966189
0.41325	0.0471875	5.966189
0.4135	0.0509375	5.966189
0.41375	0.0525	5.966189
0.414	0.055625	5.966189
0.41425	0.0546875	5.966189
0.4145	0.058125	5.966189
0.41475	0.0615625	5.966189
0.415	0.060625	5.966189
0.41525	0.0625	5.966189
0.4155	0.059375	5.966189
0.41575	0.0596875	5.966189
0.416	0.059375	5.966189
0.41625	0.056875	5.966189
0.4165	0.0553125	5.966189
0.41675	0.05375	5.966189
0.417	0.0503125	5.966189
0.41725	0.049375	5.966189
0.4175	0.045	5.966189
0.41775	0.046875	5.966189
0.418	0.04625	5.966189
0.41825	0.0446875	5.966189
0.4185	0.05	5.966189
0.41875	0.05	5.966189
0.419	0.0534375	5.966189
0.41925	0.0521875	5.966189
0.4195	0.0475	5.966189
0.41975	0.04625	5.966189
0.42	0.04375	5.966189
0.42025	0.04125	5.966189
0.4205	0.0396875	5.966189
0.42075	0.041875	5.966189
0.421	0.0453125	5.966189
0.42125	0.045	5.966189
0.4215	0.0421875	5.966189
0.42175	0.0384375	5.966189
0.422	0.0321875	5.966189
0.42225	0.0290625	5.966189
0.4225	0.0275	5.966189
0.42275	0.02625	5.966189
0.423	0.028125	5.966189
0.42325	0.0246875	5.966189
0.4235	0.0196875	5.966189
0.42375	0.018125	5.966189
0.424	0.015	5.966189
0.42425	0.0146875	5.966189
0.4245	0.01875	5.966189
0.42475	0.020625	5.966189
0.425	0.0253125	5.966189
0.42525	0.0290625	5.966189
0.4255	0.03875	5.966189
0.42575	0.0521875	5.966189
0.426	0.063125	5.966189
0.42625	0.0746875	5.966189
0.4265	0.085625	5.966189
0.42675	0.0953125	5.966189
0.427	0.103125	5.966189
0.42725	0.1053125	5.966189
0.4275	0.1096875	5.966189
0.42775	0.110625	5.966189
0.428	0.1090625	5.966189
0.42825	0.1084375	5.966189
0.4285	0.1040625	5.966189
0.42875	0.101875	5.966189
0.429	0.1	5.966189
0.42925	0.09375	5.966189
0.4295	0.0853125	5.966189
0.42975	0.075	5.966189
0.43	0.0628125	5.966189
0.43025	0.05375	5.966189
0.4305	0.0465625	5.966189
0.43075	0.0453125	5.966189
0.431	0.04625	5.966189
0.43125	0.0509375	5.966189
0.4315	0.0596875	5.966189
0.43175	0.0615625	5.966189
0.432	0.064375	5.966189
0.43225	0.0690625	5.966189
0.4325	0.0740625	5.966189
0.43275	0.0775	5.966189
0.433	0.0784375	5.966189
0.43325	0.0784375	5.966189
0.4335	0.0759375	5.966189
0.43375	0.07125	5.966189
0.434	0.06875	5.966189
0.43425	0.0603125	5.966189
0.4345	0.054375	5.966189
0.43475	0.0490625	5.966189
0.435	0.0403125	5.966189
0.43525	0.03375	5.966189
0.4355	0.0253125	5.966189
0.43575	0.0178125	5.966189
0.436	0.010625	5.966189
0.43625	0.00875	5.966189
0.4365	0.01	5.966189
0.43675	0.0096875	5.966189
0.437	0.013125	5.966189
0.43725	0.0215625	5.966189
0.4375	0.0278125	5.966189
0.43775	0.0375	5.966189
0.438	0.0521875	5.966189
0.43825	0.0575	5.966189
0.4385	0.059375	5.966189
0.43875	0.0603125	5.966189
0.439	0.05625	5.966189
0.43925	0.0540625	5.966189
0.4395	0.049375	5.966189
0.43975	0.0490625	5.966189
0.44	0.053125	5.966189
0.44025	0.0565625	5.966189
0.4405	0.059375	5.966189
0.44075	0.0590625	5.966189
0.441	0.06125	5.966189
0.44125	0.065625	5.966189
0.4415	0.0671875	5.966189
0.44175	0.06875	5.966189
0.442	0.0721875	5.966189
0.44225	0.0728125	5.966189
0.4425	0.0728125	5.966189
0.44275	0.0740625	5.966189
0.443	0.0734375	5.966189
0.44325	0.074375	5.966189
0.4435	0.0709375	5.966189
0.44375	0.071875	5.966189
0.444	0.0725	5.966189
0.44425	0.0715625	5.966189
0.4445	0.0728125	5.966189
0.44475	0.0715625	5.966189
0.445	0.073125	5.966189
0.44525	0.073125	5.966189
0.4455	0.0721875	5.966189
0.44575	0.071875	5.966189
0.446	0.0709375	5.966189
0.44625	0.0709375	5.966189
0.4465	0.07125	5.966189
0.44675	0.06625	5.966189
0.447	0.06625	5.966189
0.44725	0.0646875	5.966189
0.4475	0.061875	5.966189
0.44775	0.0596875	5.966189
0.448	0.055	5.966189
0.44825	0.0528125	5.966189
0.4485	0.050625	5.966189
0.44875	0.0509375	5.966189
0.449	0.0540625	5.966189
0.44925	0.053125	5.966189
0.4495	0.055	5.966189
0.44975	0.0590625	5.966189