Time	Amplitude	Unknown
-0.05	0.049375	11.66461
-0.04975	0.05	11.66461
-0.0495	0.0515625	11.66461
-0.04925	0.04875	11.66461
-0.049	0.045625	11.66461
-0.04875	0.0465625	11.66461
-0.0485	0.0496875	11.66461
-0.04825	0.050625	11.66461
-0.048	0.04875	11.66461
-0.04775	0.0484375	11.66461
-0.0475	0.0484375	11.66461
-0.04725	0.049375	11.66461
-0.047	0.05125	11.66461
-0.04675	0.0490625	11.66461
-0.0465	0.050625	11.66461
-0.04625	0.0534375	11.66461
-0.046	0.0521875	11.66461
-0.04575	0.0525	11.66461
-0.0455	0.0515625	11.66461
-0.04525	0.0503125	11.66461
-0.045	0.05	11.66461
-0.04475	0.0503125	11.66461
-0.0445	0.0515625	11.66461
-0.04425	0.053125	11.66461
-0.044	0.051875	11.66461
-0.04375	0.0525	11.66461
-0.0435	0.05125	11.66461
-0.04325	0.049375	11.66461
-0.043	0.0525	11.66461
-0.04275	0.0540625	11.66461
-0.0425	0.05625	11.66461
-0.04225	0.054375	11.66461
-0.042	0.0534375	11.66461
-0.04175	0.0571875	11.66461
-0.0415	0.05875	11.66461
-0.04125	0.0590625	11.66461
-0.041	0.0603125	11.66461
-0.04075	0.058125	11.66461
-0.0405	0.0575	11.66461
-0.04025	0.0553125	11.66461
-0.04	0.055	11.66461
-0.03975	0.0546875	11.66461
-0.0395	0.0546875	11.66461
-0.03925	0.0559375	11.66461
-0.039	0.0565625	11.66461
-0.03875	0.0540625	11.66461
-0.0385	0.05625	11.66461
-0.03825	0.058125	11.66461
-0.038	0.05625	11.66461
-0.03775	0.0565625	11.66461
-0.0375	0.0559375	11.66461
-0.03725	0.0571875	11.66461
-0.037	0.0546875	11.66461
-0.03675	0.0540625	11.66461
-0.0365	0.056875	11.66461
-0.03625	0.05375	11.66461
-0.036	0.0553125	11.66461
-0.03575	0.0565625	11.66461
-0.0355	0.0534375	11.66461
-0.03525	0.0528125	11.66461
-0.035	0.050625	11.66461
-0.03475	0.05125	11.66461
-0.0345	0.049375	11.66461
-0.03425	0.0465625	11.66461
-0.034	0.0478125	11.66461
-0.03375	0.0490625	11.66461
-0.0335	0.048125	11.66461
-0.03325	0.0484375	11.66461
-0.033	0.0478125	11.66461
-0.03275	0.0475	11.66461
-0.0325	0.0475	11.66461
-0.03225	0.0496875	11.66461
-0.032	0.05375	11.66461
-0.03175	0.054375	11.66461
-0.0315	0.055625	11.66461
-0.03125	0.05625	11.66461
-0.031	0.054375	11.66461
-0.03075	0.05625	11.66461
-0.0305	0.0565625	11.66461
-0.03025	0.0571875	11.66461
-0.03	0.05875	11.66461
-0.02975	0.0578125	11.66461
-0.0295	0.0596875	11.66461
-0.02925	0.061875	11.66461
-0.029	0.06375	11.66461
-0.02875	0.06125	11.66461
-0.0285	0.0509375	11.66461
-0.02825	0.045	11.66461
-0.028	0.0390625	11.66461
-0.02775	0.036875	11.66461
-0.0275	0.038125	11.66461
-0.02725	0.04	11.66461
-0.027	0.044375	11.66461
-0.02675	0.0490625	11.66461
-0.0265	0.0540625	11.66461
-0.02625	0.0615625	11.66461
-0.026	0.0684375	11.66461
-0.02575	0.0771875	11.66461
-0.0255	0.078125	11.66461
-0.02525	0.075625	11.66461
-0.025	0.0728125	11.66461
-0.02475	0.0678125	11.66461
-0.0245	0.06	11.66461
-0.02425	0.05125	11.66461
-0.024	0.04375	11.66461
-0.02375	0.0428125	11.66461
-0.0235	0.0425	11.66461
-0.02325	0.04125	11.66461
-0.023	0.04625	11.66461
-0.02275	0.0471875	11.66461
-0.0225	0.0453125	11.66461
-0.02225	0.0475	11.66461
-0.022	0.0515625	11.66461
-0.02175	0.053125	11.66461
-0.0215	0.0534375	11.66461
-0.02125	0.0515625	11.66461
-0.021	0.051875	11.66461
-0.02075	0.0496875	11.66461
-0.0205	0.0490625	11.66461
-0.02025	0.04875	11.66461
-0.02	0.046875	11.66461
-0.01975	0.04875	11.66461
-0.0195	0.0503125	11.66461
-0.01925	0.0490625	11.66461
-0.019	0.05125	11.66461
-0.01875	0.0521875	11.66461
-0.0185	0.0559375	11.66461
-0.01825	0.056875	11.66461
-0.018	0.0565625	11.66461
-0.01775	0.0596875	11.66461
-0.0175	0.059375	11.66461
-0.01725	0.061875	11.66461
-0.017	0.064375	11.66461
-0.01675	0.0675	11.66461
-0.0165	0.069375	11.66461
-0.01625	0.0684375	11.66461
-0.016	0.0675	11.66461
-0.01575	0.06	11.66461
-0.0155	0.05125	11.66461
-0.01525	0.0471875	11.66461
-0.015	0.0409375	11.66461
-0.01475	0.035	11.66461
-0.0145	0.0334375	11.66461
-0.01425	0.0340625	11.66461
-0.014	0.0365625	11.66461
-0.01375	0.039375	11.66461
-0.0135	0.0421875	11.66461
-0.01325	0.0446875	11.66461
-0.013	0.0465625	11.66461
-0.01275	0.0484375	11.66461
-0.0125	0.0496875	11.66461
-0.01225	0.05	11.66461
-0.012	0.050625	11.66461
-0.01175	0.0525	11.66461
-0.0115	0.0528125	11.66461
-0.01125	0.05625	11.66461
-0.011	0.0584375	11.66461
-0.01075	0.06125	11.66461
-0.0105	0.05875	11.66461
-0.01025	0.053125	11.66461
-0.01	0.055	11.66461
-0.00975	0.0521875	11.66461
-0.0095	0.0528125	11.66461
-0.00925	0.0571875	11.66461
-0.009	0.05875	11.66461
-0.00875	0.06	11.66461
-0.0085	0.06125	11.66461
-0.00825	0.0603125	11.66461
-0.008	0.0578125	11.66461
-0.00775	0.050625	11.66461
-0.0075	0.046875	11.66461
-0.00725	0.0434375	11.66461
-0.007	0.0371875	11.66461
-0.00675	0.0371875	11.66461
-0.0065	0.0346875	11.66461
-0.00625	0.03125	11.66461
-0.006	0.0325	11.66461
-0.00575	0.0321875	11.66461
-0.0055	0.0378125	11.66461
-0.00525	0.0434375	11.66461
-0.005	0.0484375	11.66461
-0.00475	0.0575	11.66461
-0.0045	0.054375	11.66461
-0.00425	0.0575	11.66461
-0.004	0.0596875	11.66461
-0.00375	0.059375	11.66461
-0.0035	0.0578125	11.66461
-0.00325	0.058125	11.66461
-0.003	0.055625	11.66461
-0.00275	0.0525	11.66461
-0.0025	0.0475	11.66461
-0.00225	0.0475	11.66461
-0.002	0.0484375	11.66461
-0.00175	0.0471875	11.66461
-0.0015	0.0471875	11.66461
-0.00125	0.04625	11.66461
-0.001	0.0459375	11.66461
-0.00075	0.0465625	11.66461
-0.0005	0.0459375	11.66461
-0.00025	0.0528125	11.66461
0	0.0575	11.66461
0.00025	0.3003125	11.70276
0.0005	0.2815625	11.73912
0.00075	-1.046875	11.77394
0.001	-0.3271875	11.78587
0.00125	0.015	11.79572
0.0015	0.0440625	11.80571
0.00175	0.050625	11.81578
0.002	0.060625	11.82591
0.00225	0.0675	11.83608
0.0025	0.0721875	11.84627
0.00275	0.084375	11.85645
0.003	0.09	11.86658
0.00325	0.0771875	11.87663
0.0035	0.068125	11.88665
0.00375	0.0646875	11.89665
0.004	0.0515625	11.90664
0.00425	0.0375	11.91665
0.0045	0.02875	11.92671
0.00475	0.024375	11.93683
0.005	0.0246875	11.947
0.00525	0.028125	11.95723
0.0055	0.0453125	11.96751
0.00575	0.06	11.97781
0.006	0.06875	11.9881
0.00625	0.075	11.99837
0.0065	0.0696875	12.00859
0.00675	0.0625	12.01878
0.007	0.056875	12.02895
0.00725	0.0515625	12.03912
0.0075	0.0428125	12.04931
0.00775	0.0328125	12.05952
0.008	0.0325	12.06979
0.00825	0.039375	12.0801
0.0085	0.0490625	12.09045
0.00875	0.0621875	12.10082
0.009	0.0728125	12.11118
0.00925	0.0784375	12.12151
0.0095	0.084375	12.1318
0.00975	0.08875	12.14201
0.01	0.09	12.15214
0.01025	0.0890625	12.16217
0.0105	0.0890625	12.17212
0.01075	0.0915625	12.18199
0.011	0.09	12.19176
0.01125	0.085625	12.20144
0.0115	0.083125	12.21106
0.01175	0.0771875	12.22061
0.012	0.0753125	12.23012
0.01225	0.0753125	12.23959
0.0125	0.0753125	12.24901
0.01275	0.07875	12.2584
0.013	0.0784375	12.26773
0.01325	0.0803125	12.27701
0.0135	0.0803125	12.28623
0.01375	0.081875	12.2954
0.014	0.0828125	12.3045
0.01425	0.0840625	12.31354
0.0145	0.085	12.3225
0.01475	0.0896875	12.33139
0.015	0.0915625	12.34018
0.01525	0.0896875	12.34886
0.0155	0.0853125	12.35744
0.01575	0.0746875	12.36593
0.016	0.0684375	12.37437
0.01625	0.0603125	12.38277
0.0165	0.05625	12.39115
0.01675	0.0559375	12.39952
0.017	0.05125	12.40787
0.01725	0.04875	12.41622
0.0175	0.044375	12.42457
0.01775	0.0321875	12.43293
0.018	0.0184375	12.44131
0.01825	0.0128125	12.44974
0.0185	0.0103125	12.45821
0.01875	0.008125	12.46674
0.019	0.0096875	12.47531
0.01925	0.004375	12.48393
0.0195	-0.0146875	12.4926
0.01975	-0.0315625	12.50132
0.02	-0.0496875	12.51007
0.02025	-0.060625	12.51882
0.0205	-0.048125	12.52755
0.02075	-0.03125	12.53629
0.021	-0.0059375	12.54506
0.02125	0.0275	12.55389
0.0215	0.0603125	12.56276
0.02175	0.0915625	12.57162
0.022	0.1128125	12.58036
0.02225	0.125	12.58888
0.0225	0.1359375	12.59713
0.02275	0.1365625	12.60506
0.023	0.1278125	12.61266
0.02325	0.1134375	12.61998
0.0235	0.0975	12.62708
0.02375	0.088125	12.63405
0.024	0.083125	12.64092
0.02425	0.0765625	12.64773
0.0245	0.074375	12.65449
0.02475	0.0740625	12.66124
0.025	0.075625	12.66797
0.02525	0.0790625	12.67468
0.0255	0.08375	12.68135
0.02575	0.095625	12.68797
0.026	0.1134375	12.69448
0.02625	0.1309375	12.7008
0.0265	0.139375	12.70685
0.02675	0.1471875	12.71257
0.027	0.1465625	12.71793
0.02725	0.1196875	12.72293
0.0275	0.06125	12.72771
0.02775	-0.05375	12.73248
0.028	-0.1803125	12.73726
0.02825	-0.2703125	12.74147
0.0285	-0.3640625	12.74433
0.02875	-0.454375	12.74469
0.029	-0.4728125	12.74111
0.02925	-0.385625	12.73326
0.0295	-0.2453125	12.72259
0.02975	-0.124375	12.7108
0.03	-0.0525	12.69878
0.03025	-0.0575	12.68675
0.0305	-0.1153125	12.67472
0.03075	-0.1665625	12.66248
0.031	-0.1746875	12.64976
0.03125	-0.1459375	12.63649
0.0315	-0.100625	12.62287
0.03175	-0.0525	12.60909
0.032	0.0134375	12.59532
0.03225	0.0796875	12.58161
0.0325	0.1396875	12.56782
0.03275	0.1984375	12.55371
0.033	0.2396875	12.53888
0.03325	0.2734375	12.52297
0.0335	0.288125	12.50563
0.03375	0.28625	12.48671
0.034	0.2725	12.46621
0.03425	0.2496875	12.44428
0.0345	0.2175	12.42115
0.03475	0.18375	12.3971
0.035	0.1503125	12.37238
0.03525	0.123125	12.34721
0.0355	0.1078125	12.32174
0.03575	0.09	12.29602
0.036	0.0815625	12.27013
0.03625	0.08125	12.2441
0.0365	0.0903125	12.21792
0.03675	0.1071875	12.19157
0.037	0.11875	12.16497
0.03725	0.1234375	12.13808
0.0375	0.1234375	12.11087
0.03775	0.1221875	12.08334
0.038	0.115625	12.0555
0.03825	0.0975	12.02738
0.0385	0.0828125	11.99905
0.03875	0.0825	11.97059
0.039	0.0840625	11.94197
0.03925	0.08375	11.9132
0.0395	0.0746875	11.88429
0.03975	0.054375	11.85527
0.04	0.029375	11.82618
0.04025	0.003125	11.79707
0.0405	-0.010625	11.76796
0.04075	-0.00625	11.73885
0.041	0.00375	11.70972
0.04125	0.03	11.68061
0.0415	0.0525	11.65147
0.04175	0.0678125	11.6223
0.042	0.08125	11.59304
0.04225	0.0903125	11.56365
0.0425	0.11875	11.5341
0.04275	0.1365625	11.50425
0.043	0.1478125	11.474
0.04325	0.1453125	11.44328
0.0435	0.13125	11.41207
0.04375	0.1246875	11.38048
0.044	0.1225	11.34853
0.04425	0.1159375	11.31622
0.0445	0.0990625	11.2836
0.04475	0.075625	11.25073
0.045	0.058125	11.21772
0.04525	0.0546875	11.1846
0.0455	0.0621875	11.15141
0.04575	0.0734375	11.11812
0.046	0.0909375	11.0847
0.04625	0.09875	11.05109
0.0465	0.085	11.01725
0.04675	0.051875	10.98325
0.047	0.018125	10.94918
0.04725	-0.01125	10.91509
0.0475	-0.03875	10.88098
0.04775	-0.051875	10.84683
0.048	-0.0496875	10.81258
0.04825	-0.0271875	10.77826
0.0485	0.01875	10.74388
0.04875	0.0765625	10.70947
0.049	0.1321875	10.67489
0.04925	0.161875	10.63986
0.0495	0.17375	10.60417
0.04975	0.1684375	10.56773
0.05	0.1496875	10.53057
0.05025	0.14125	10.49282
0.0505	0.1428125	10.45456
0.05075	0.1403125	10.41678
0.051	0.13125	10.37939
0.05125	0.12	10.3546
0.0515	0.1103125	10.33073
0.05175	0.1028125	10.30655
0.052	0.0965625	10.28213
0.05225	0.0975	10.25749
0.0525	0.0959375	10.23264
0.05275	0.0909375	10.2076
0.053	0.0878125	10.18241
0.05325	0.083125	10.15708
0.0535	0.081875	10.13166
0.05375	0.0796875	10.10612
0.054	0.0759375	10.08045
0.05425	0.074375	10.05466
0.0545	0.0721875	10.02873
0.05475	0.0715625	10.00266
0.055	0.0703125	9.97644
0.05525	0.0684375	9.950071
0.0555	0.0696875	9.92356
0.05575	0.0696875	9.896902
0.056	0.0675	9.870115
0.05625	0.07	9.843225
0.0565	0.0690625	9.816237
0.05675	0.06875	9.789172
0.057	0.0675	9.762025
0.05725	0.0671875	9.734791
0.0575	0.0703125	9.707466
0.05775	0.066875	9.680029
0.058	0.0678125	9.652486
0.05825	0.0690625	9.624821
0.0585	0.06625	9.597025
0.05875	0.06875	9.56912
0.059	0.07	9.5411
0.05925	0.06625	9.512973
0.0595	0.0690625	9.484776
0.05975	0.06875	9.456506
0.06	0.07125	9.428179
0.06025	0.07125	9.399796
0.0605	0.0715625	9.37136
0.06075	0.0734375	9.342868
0.061	0.07125	9.314311
0.06125	0.0734375	9.285709
0.0615	0.0740625	9.257056
0.06175	0.0725	9.228339
0.062	0.0725	9.199569
0.06225	0.0690625	9.170739
0.0625	0.07	9.141851
0.06275	0.0684375	9.1129
0.063	0.066875	9.083887
0.06325	0.068125	9.054819
0.0635	0.07125	9.025685
0.06375	0.0690625	8.99647
0.064	0.0715625	8.967181
0.06425	0.0675	8.937807
0.0645	0.0659375	8.908364
0.06475	0.06625	8.878866
0.065	0.0634375	8.849304
0.06525	0.0640625	8.819703
0.0655	0.0621875	8.790066
0.06575	0.0609375	8.760397
0.066	0.0640625	8.730689
0.06625	0.0596875	8.700908
0.0665	0.0596875	8.671061
0.06675	0.0578125	8.641126
0.067	0.0553125	8.611097
0.06725	0.0565625	8.580984
0.0675	0.056875	8.55077
0.06775	0.055625	8.520453
0.068	0.0546875	8.490034
0.06825	0.0521875	8.459505
0.0685	0.0546875	8.428865
0.06875	0.053125	8.398096
0.069	0.050625	8.367203
0.06925	0.051875	8.336192
0.0695	0.049375	8.305046
0.06975	0.0503125	8.273763
0.07	0.05125	8.242336
0.07025	0.0503125	8.210765
0.0705	0.0515625	8.179067
0.07075	0.050625	8.147247
0.071	0.050625	8.115286
0.07125	0.0496875	8.083152
0.0715	0.0478125	8.050825
0.07175	0.0521875	8.01832
0.072	0.050625	7.985668
0.07225	0.050625	7.952948
0.0725	0.0525	7.920237
0.07275	0.0534375	7.88758
0.073	0.0534375	7.855034
0.07325	0.0521875	7.822621
0.0735	0.0521875	7.790321
0.07375	0.05625	7.758095
0.074	0.0553125	7.725875
0.07425	0.0578125	7.69364
0.0745	0.0596875	7.661368
0.07475	0.0590625	7.629021
0.075	0.0615625	7.596597
0.07525	0.0615625	7.56408
0.0755	0.0609375	7.531468
0.07575	0.063125	7.498779
0.076	0.0634375	7.466015
0.07625	0.066875	7.433211
0.0765	0.065625	7.40041
0.07675	0.0640625	7.367685
0.077	0.0659375	7.335083
0.07725	0.0659375	7.302635
0.0775	0.0671875	7.270345
0.07775	0.0678125	7.238087
0.078	0.065625	7.205673
0.07825	0.0659375	7.173102
0.0785	0.0696875	7.14088
0.07875	0.0690625	7.109707
0.079	0.0696875	7.080641
0.07925	0.0678125	7.054997
0.0795	0.07	7.033127
0.07975	0.06875	7.013726
0.08	0.068125	6.995255
0.08025	0.069375	6.976936
0.0805	0.0675	6.958538
0.08075	0.0684375	6.940077
0.081	0.0684375	6.92172
0.08125	0.0653125	6.90372
0.0815	0.0671875	6.886146
0.08175	0.0646875	6.868822
0.082	0.0653125	6.851556
0.08225	0.0646875	6.834212
0.0825	0.06125	6.816738
0.08275	0.061875	6.799265
0.083	0.0634375	6.782029
0.08325	0.060625	6.765389
0.0835	0.06	6.749685
0.08375	0.05875	6.735239
0.084	0.06	6.72222
0.08425	0.0565625	6.710607
0.0845	0.055625	6.700282
0.08475	0.0584375	6.691029
0.085	0.055625	6.682564
0.08525	0.0540625	6.674648
0.0855	0.0575	6.667085
0.08575	0.055	6.659727
0.086	0.0571875	6.652521
0.08625	0.0584375	6.645386
0.0865	0.055625	6.638286
0.08675	0.0534375	6.63123
0.087	0.0546875	6.624255
0.08725	0.055625	6.617423
0.0875	0.0540625	6.610778
0.08775	0.053125	6.604346
0.088	0.0575	6.598134
0.08825	0.056875	6.592119
0.0885	0.0565625	6.586279
0.08875	0.0590625	6.580549
0.089	0.0553125	6.574863
0.08925	0.056875	6.569242
0.0895	0.0571875	6.563683
0.08975	0.0578125	6.558181
0.09	0.0584375	6.552714
0.09025	0.05875	6.547228
0.0905	0.06125	6.541687
0.09075	0.0609375	6.536063
0.091	0.059375	6.530359
0.09125	0.0640625	6.524588
0.0915	0.063125	6.518721
0.09175	0.0665625	6.512785
0.092	0.0675	6.506801
0.09225	0.0684375	6.500792
0.0925	0.069375	6.494801
0.09275	0.0703125	6.488855
0.093	0.070625	6.483064
0.09325	0.071875	6.477521
0.0935	0.0678125	6.47227
0.09375	0.070625	6.467329
0.094	0.070625	6.462612
0.09425	0.07	6.458092
0.0945	0.0725	6.453761
0.09475	0.0728125	6.449575
0.095	0.0709375	6.445462
0.09525	0.071875	6.441359
0.0955	0.0696875	6.437205
0.09575	0.071875	6.433015
0.096	0.07125	6.428785
0.09625	0.069375	6.424546
0.0965	0.0715625	6.420369
0.09675	0.0734375	6.41626
0.097	0.0728125	6.412165
0.09725	0.0721875	6.407999
0.0975	0.0709375	6.403717
0.09775	0.071875	6.399318
0.098	0.07	6.394823
0.09825	0.0703125	6.390267
0.0985	0.06875	6.385638
0.09875	0.06625	6.380899
0.099	0.0678125	6.376062
0.09925	0.0634375	6.371217
0.0995	0.063125	6.366609
0.09975	0.0625	6.362407
0.1	0.0640625	6.358691
0.10025	0.0628125	6.355421
0.1005	0.063125	6.352484
0.10075	0.0609375	6.349826
0.101	0.0615625	6.347473
0.10125	0.058125	6.3454
0.1015	0.0584375	6.343577
0.10175	0.0578125	6.341946
0.102	0.0559375	6.340469
0.10225	0.05625	6.339118
0.1025	0.058125	6.337873
0.10275	0.055625	6.336727
0.103	0.0565625	6.335686
0.10325	0.054375	6.334725
0.1035	0.0546875	6.333845
0.10375	0.0534375	6.333025
0.104	0.0509375	6.332266
0.10425	0.0540625	6.331576
0.1045	0.0534375	6.330927
0.10475	0.0540625	6.330317
0.105	0.0540625	6.329739
0.10525	0.0525	6.32919
0.1055	0.0540625	6.328681
0.10575	0.055	6.328192
0.106	0.0546875	6.32773
0.10625	0.0559375	6.327299
0.1065	0.0565625	6.326889
0.10675	0.0603125	6.326507
0.107	0.0640625	6.326137
0.10725	0.065	6.325755
0.1075	0.0678125	6.325361
0.10775	0.0684375	6.324944
0.108	0.0696875	6.324511
0.10825	0.0690625	6.324046
0.1085	0.0671875	6.323554
0.10875	0.0709375	6.323049
0.109	0.066875	6.3225
0.10925	0.06375	6.321944
0.1095	0.0671875	6.321405
0.10975	0.0653125	6.320848
0.11	0.065625	6.320299
0.11025	0.0678125	6.319753
0.1105	0.0671875	6.319208
0.11075	0.06875	6.318667
0.111	0.06625	6.318117
0.11125	0.070625	6.317585
0.1115	0.074375	6.317044
0.11175	0.0740625	6.316474
0.112	0.08	6.315881
0.11225	0.0815625	6.315225
0.1125	0.0803125	6.314497
0.11275	0.0790625	6.3137
0.113	0.075625	6.312831
0.11325	0.075	6.311912
0.1135	0.071875	6.310938
0.11375	0.0678125	6.309933
0.114	0.0690625	6.308923
0.11425	0.065	6.307885
0.1145	0.0659375	6.306847
0.11475	0.0671875	6.305796
0.115	0.0640625	6.304713
0.11525	0.0659375	6.303615
0.1155	0.0659375	6.302485
0.11575	0.0665625	6.301321
0.116	0.0675	6.300112
0.11625	0.0675	6.298846
0.1165	0.0709375	6.297533
0.11675	0.068125	6.296137
0.117	0.064375	6.294673
0.11725	0.0665625	6.293162
0.1175	0.0640625	6.291575
0.11775	0.0665625	6.289934
0.118	0.068125	6.288227
0.11825	0.0696875	6.286439
0.1185	0.071875	6.284559
0.11875	0.0678125	6.282564
0.119	0.06875	6.280483
0.11925	0.0703125	6.27831
0.1195	0.0625	6.276024
0.11975	0.06	6.273674
0.12	0.0565625	6.271261
0.12025	0.050625	6.268807
0.1205	0.048125	6.266336
0.12075	0.0428125	6.263856
0.121	0.039375	6.261388
0.12125	0.0346875	6.258943
0.1215	0.0265625	6.256536
0.12175	0.0271875	6.254187
0.122	0.0284375	6.251891
0.12225	0.0315625	6.249658
0.1225	0.04	6.247479
0.12275	0.0459375	6.24533
0.123	0.0528125	6.243199
0.12325	0.0628125	6.241064
0.1235	0.0696875	6.238876
0.12375	0.075	6.236602
0.124	0.0746875	6.234207
0.12425	0.07625	6.231708
0.1245	0.0759375	6.229092
0.12475	0.071875	6.226367
0.125	0.071875	6.22357
0.12525	0.0696875	6.220697
0.1255	0.06875	6.21777
0.12575	0.0709375	6.214798
0.126	0.0709375	6.211763
0.12625	0.0721875	6.208679
0.1265	0.070625	6.205541
0.12675	0.0684375	6.20236
0.127	0.0684375	6.199153
0.12725	0.0684375	6.195916
0.1275	0.0709375	6.192651
0.12775	0.070625	6.189348
0.128	0.0690625	6.186007
0.12825	0.0715625	6.182649
0.1285	0.0703125	6.179251
0.12875	0.0725	6.175824
0.129	0.0734375	6.172369
0.12925	0.07125	6.168865
0.1295	0.073125	6.165334
0.12975	0.0703125	6.161755
0.13	0.069375	6.158155
0.13025	0.071875	6.154529
0.1305	0.0715625	6.150856
0.13075	0.07125	6.147142
0.131	0.0671875	6.143386
0.13125	0.0659375	6.139603
0.1315	0.0659375	6.135802
0.13175	0.0634375	6.131972
0.132	0.0625	6.128127
0.13225	0.0628125	6.124266
0.1325	0.0584375	6.12038
0.13275	0.0603125	6.116495
0.133	0.060625	6.112585
0.13325	0.06	6.108653
0.1335	0.05625	6.104702
0.13375	0.0540625	6.100736
0.134	0.055	6.096766
0.13425	0.054375	6.092786
0.1345	0.0528125	6.088798
0.13475	0.0534375	6.0848
0.135	0.051875	6.080786
0.13525	0.0509375	6.076767
0.1355	0.0521875	6.072737
0.13575	0.054375	6.068689
0.136	0.055625	6.064625
0.13625	0.051875	6.060529
0.1365	0.04875	6.05642
0.13675	0.049375	6.052318
0.137	0.0478125	6.048215
0.13725	0.0496875	6.044115
0.1375	0.0496875	6.040012
0.13775	0.04875	6.035911
0.138	0.0490625	6.031808
0.13825	0.050625	6.027699
0.1385	0.05125	6.023592
0.13875	0.055	6.019479
0.139	0.053125	6.015338
0.13925	0.0540625	6.011196
0.1395	0.054375	6.00704
0.13975	0.05375	6.00287
0.14	0.0559375	5.998696
0.14025	0.0559375	5.994507
0.1405	0.0578125	5.99031
0.14075	0.0578125	5.986098
0.141	0.058125	5.981876
0.14125	0.0609375	5.97765
0.1415	0.0590625	5.973397
0.14175	0.0603125	5.969151
0.142	0.0625	5.964903
0.14225	0.059375	5.960643
0.1425	0.063125	5.956394
0.14275	0.0634375	5.952145
0.143	0.065625	5.947897
0.14325	0.066875	5.943646
0.1435	0.0640625	5.939383
0.14375	0.066875	5.935124
0.144	0.068125	5.93085
0.14425	0.0696875	5.926557
0.1445	0.0696875	5.922243
0.14475	0.0684375	5.9179
0.145	0.0696875	5.913546
0.14525	0.07	5.909178
0.1455	0.0671875	5.904783
0.14575	0.0703125	5.900383
0.146	0.0675	5.895953
0.14625	0.0671875	5.891509
0.1465	0.0678125	5.887056
0.14675	0.0646875	5.882585
0.147	0.0665625	5.878113
0.14725	0.06625	5.873627
0.1475	0.0646875	5.869126
0.14775	0.0640625	5.864625
0.148	0.0628125	5.860114
0.14825	0.0646875	5.855603
0.1485	0.06125	5.851078
0.14875	0.0575	5.846548
0.149	0.0590625	5.842031
0.14925	0.0565625	5.837506
0.1495	0.0534375	5.832988
0.14975	0.05375	5.828483
0.15	0.0521875	5.823978
0.15025	0.0534375	5.819483
0.1505	0.050625	5.814996
0.15075	0.0503125	5.810523
0.151	0.05125	5.806065
0.15125	0.0484375	5.801608
0.1515	0.0484375	5.797167
0.15175	0.0490625	5.79274
0.152	0.0478125	5.788317
0.15225	0.0478125	5.783908
0.1525	0.048125	5.7795
0.15275	0.04875	5.775096
0.153	0.0490625	5.770698
0.15325	0.0471875	5.766291
0.1535	0.048125	5.761891
0.15375	0.046875	5.75749
0.154	0.0459375	5.753093
0.15425	0.0490625	5.748706
0.1545	0.04625	5.744308
0.15475	0.046875	5.739915
0.155	0.0471875	5.73553
0.15525	0.0478125	5.731152
0.1555	0.0503125	5.726785
0.15575	0.0475	5.722414
0.156	0.0503125	5.718052
0.15625	0.0525	5.713699
0.1565	0.0525	5.70934
0.15675	0.054375	5.704983
0.157	0.0553125	5.70062
0.15725	0.05375	5.69626
0.1575	0.0575	5.691921
0.15775	0.0590625	5.687585
0.158	0.06	5.683253
0.15825	0.0603125	5.67892
0.1585	0.0596875	5.674584
0.15875	0.0590625	5.670255
0.159	0.0596875	5.665929
0.15925	0.0621875	5.66162
0.1595	0.0634375	5.657305
0.15975	0.06125	5.652969
0.16	0.0646875	5.648636
0.16025	0.0634375	5.644286
0.1605	0.0646875	5.639931
0.16075	0.064375	5.63557
0.161	0.0621875	5.631199
0.16125	0.0659375	5.626842
0.1615	0.0665625	5.622476
0.16175	0.0646875	5.618106
0.162	0.0653125	5.613749
0.16225	0.06625	5.609405
0.1625	0.0665625	5.605087
0.16275	0.066875	5.600793
0.163	0.0640625	5.596518
0.16325	0.0634375	5.592274
0.1635	0.064375	5.588053
0.16375	0.0634375	5.583848
0.164	0.0621875	5.579655
0.16425	0.0584375	5.575455
0.1645	0.0575	5.571277
0.16475	0.0590625	5.567114
0.165	0.0553125	5.562957
0.16525	0.055	5.558821
0.1655	0.055625	5.554695
0.16575	0.05375	5.550579
0.166	0.051875	5.546483
0.16625	0.05	5.54241
0.1665	0.05125	5.538378
0.16675	0.0478125	5.53438
0.167	0.0475	5.53044
0.16725	0.0509375	5.526545
0.1675	0.0453125	5.522668
0.16775	0.046875	5.518837
0.168	0.0478125	5.515042
0.16825	0.0453125	5.511285
0.1685	0.04625	5.507583
0.16875	0.0428125	5.503933
0.169	0.043125	5.500352
0.16925	0.04375	5.496826
0.1695	0.041875	5.493353
0.16975	0.0428125	5.489944
0.17	0.0409375	5.486573
0.17025	0.041875	5.48324
0.1705	0.0421875	5.479934
0.17075	0.04	5.476634
0.171	0.04125	5.473348
0.17125	0.0425	5.470056
0.1715	0.041875	5.466752
0.17175	0.0440625	5.463435
0.172	0.04375	5.460087
0.17225	0.0459375	5.456711
0.1725	0.0475	5.453305
0.17275	0.0453125	5.449865
0.173	0.05	5.446411
0.17325	0.05	5.44294
0.1735	0.0496875	5.43947
0.17375	0.0515625	5.436034
0.174	0.0503125	5.432643
0.17425	0.0521875	5.42933
0.1745	0.0521875	5.42609
0.17475	0.053125	5.422926
0.175	0.0565625	5.419827
0.17525	0.0553125	5.416763
0.1755	0.0578125	5.413741
0.17575	0.0578125	5.41074
0.176	0.058125	5.407755
0.17625	0.060625	5.404798
0.1765	0.0609375	5.401853
0.17675	0.0590625	5.398919
0.177	0.061875	5.396001
0.17725	0.0615625	5.393075
0.1775	0.0615625	5.390145
0.17775	0.061875	5.387212
0.178	0.0609375	5.384276
0.17825	0.064375	5.381344
0.1785	0.0634375	5.378395
0.17875	0.065	5.37545
0.179	0.0653125	5.372502
0.17925	0.06125	5.369557
0.1795	0.0634375	5.366653
0.17975	0.0621875	5.363777
0.18	0.0625	5.36094
0.18025	0.061875	5.358136
0.1805	0.0584375	5.355359
0.18075	0.0590625	5.352636
0.181	0.060625	5.349956
0.18125	0.0553125	5.347309
0.1815	0.0578125	5.344714
0.18175	0.054375	5.342148
0.182	0.055	5.339631
0.18225	0.0534375	5.337145
0.1825	0.0515625	5.334691
0.18275	0.051875	5.332278
0.183	0.0496875	5.32989
0.18325	0.0503125	5.32753
0.1835	0.0490625	5.325193
0.18375	0.0446875	5.322878
0.184	0.0465625	5.320589
0.18425	0.0471875	5.318309
0.1845	0.0459375	5.316035
0.18475	0.044375	5.313773
0.185	0.0440625	5.311525
0.18525	0.04375	5.309297
0.1855	0.040625	5.307091
0.18575	0.0421875	5.304917
0.186	0.0440625	5.302769
0.18625	0.0415625	5.300644
0.1865	0.04	5.298549
0.18675	0.0428125	5.29648
0.187	0.0434375	5.294422
0.18725	0.044375	5.29237
0.1875	0.045	5.290316
0.18775	0.0440625	5.288259
0.188	0.04375	5.286216
0.18825	0.0434375	5.284187
0.1885	0.0446875	5.282168
0.18875	0.043125	5.28015
0.189	0.0415625	5.278129
0.18925	0.0465625	5.276125
0.1895	0.0465625	5.274117
0.18975	0.0478125	5.272125
0.19	0.04875	5.270161
0.19025	0.0484375	5.268223
0.1905	0.050625	5.266329
0.19075	0.0515625	5.264466
0.191	0.051875	5.26263
0.19125	0.0534375	5.260818
0.1915	0.053125	5.25902
0.19175	0.0578125	5.257245
0.192	0.0578125	5.255464
0.19225	0.054375	5.253682
0.1925	0.0559375	5.251929
0.19275	0.05875	5.250189
0.193	0.05875	5.248463
0.19325	0.060625	5.246757
0.1935	0.05875	5.245068
0.19375	0.0590625	5.243411
0.194	0.060625	5.241778
0.19425	0.06	5.240175
0.1945	0.0621875	5.238603
0.19475	0.059375	5.237047
0.195	0.0615625	5.235528
0.19525	0.0625	5.234027
0.1955	0.06	5.232538
0.19575	0.0615625	5.231081
0.196	0.06125	5.229645
0.19625	0.0584375	5.228237
0.1965	0.06125	5.226873
0.19675	0.06	5.225552
0.197	0.0584375	5.224299
0.19725	0.054375	5.223107
0.1975	0.0540625	5.222004
0.19775	0.0571875	5.220985
0.198	0.0540625	5.220025
0.19825	0.054375	5.219147
0.1985	0.05375	5.218354
0.19875	0.05	5.217657
0.199	0.0515625	5.217059
0.19925	0.0484375	5.216516
0.1995	0.0490625	5.216009
0.19975	0.0484375	5.215499
0.2	0.0453125	5.214958
0.20025	0.0459375	5.21439
0.2005	0.04625	5.213786
0.20075	0.044375	5.213159
0.201	0.045	5.212512
0.20125	0.04125	5.211851
0.2015	0.04375	5.211192
0.20175	0.044375	5.210503
0.202	0.0434375	5.209777
0.20225	0.04375	5.209022
0.2025	0.041875	5.208245
0.20275	0.041875	5.20746
0.203	0.041875	5.206689
0.20325	0.0396875	5.205948
0.2035	0.04125	5.205283
0.20375	0.0421875	5.204704
0.204	0.0415625	5.204256
0.20425	0.0446875	5.203977
0.2045	0.0425	5.203864
0.20475	0.0434375	5.20392
0.205	0.0440625	5.204122
0.20525	0.0446875	5.204435
0.2055	0.0490625	5.204806
0.20575	0.0471875	5.205179
0.206	0.046875	5.20556
0.20625	0.0503125	5.20594
0.2065	0.05	5.206308
0.20675	0.050625	5.206682
0.207	0.0509375	5.207071
0.20725	0.0528125	5.207487
0.2075	0.0528125	5.207932
0.20775	0.05125	5.208398
0.208	0.0525	5.208899
0.20825	0.0515625	5.209442
0.2085	0.0490625	5.210044
0.20875	0.0525	5.210695
0.209	0.053125	5.211352
0.20925	0.055	5.211987
0.2095	0.0559375	5.21257
0.20975	0.05625	5.213097
0.21	0.0578125	5.21357
0.21025	0.058125	5.213975
0.2105	0.06125	5.214319
0.21075	0.06	5.214581
0.211	0.0590625	5.214774
0.21125	0.0615625	5.214905
0.2115	0.06375	5.214953
0.21175	0.0615625	5.214913
0.212	0.060625	5.214799
0.21225	0.0609375	5.214611
0.2125	0.06125	5.214352
0.21275	0.0590625	5.214038
0.213	0.0584375	5.213708
0.21325	0.059375	5.21342
0.2135	0.059375	5.213207
0.21375	0.059375	5.213094
0.214	0.0596875	5.213116
0.21425	0.055	5.213291
0.2145	0.055625	5.213628
0.21475	0.0575	5.214081
0.215	0.0540625	5.214641
0.21525	0.0528125	5.215349
0.2155	0.0496875	5.216206
0.21575	0.0490625	5.217262
0.216	0.05	5.218546
0.21625	0.04625	5.220049
0.2165	0.04875	5.22177
0.21675	0.0490625	5.223654
0.217	0.046875	5.22567
0.21725	0.0453125	5.227778
0.2175	0.0434375	5.229964
0.21775	0.0440625	5.23224
0.218	0.044375	5.23457
0.21825	0.0440625	5.236935
0.2185	0.0459375	5.23933
0.21875	0.0415625	5.241735
0.219	0.0415625	5.244177
0.21925	0.04125	5.246652
0.2195	0.0390625	5.24916
0.21975	0.03875	5.251714
0.22	0.0390625	5.254303
0.22025	0.039375	5.256923
0.2205	0.0396875	5.259567
0.22075	0.0365625	5.262227
0.221	0.039375	5.264922
0.22125	0.0384375	5.267638
0.2215	0.0396875	5.270373
0.22175	0.0434375	5.273127
0.222	0.0428125	5.275879
0.22225	0.0440625	5.278645
0.2225	0.0471875	5.28142
0.22275	0.045	5.284185
0.223	0.045625	5.286953
0.22325	0.0465625	5.289706
0.2235	0.049375	5.29245
0.22375	0.0496875	5.295184
0.224	0.0509375	5.297913
0.22425	0.0546875	5.300633
0.2245	0.0559375	5.303314
0.22475	0.0546875	5.305944
0.225	0.0534375	5.30851
0.22525	0.0534375	5.311009
0.2255	0.0534375	5.313451
0.22575	0.0528125	5.315839
0.226	0.0525	5.318194
0.22625	0.055	5.320505
0.2265	0.05375	5.322754
0.22675	0.0528125	5.324954
0.227	0.0528125	5.327118
0.22725	0.05125	5.329269
0.2275	0.053125	5.331458
0.22775	0.0534375	5.333668
0.228	0.0503125	5.335872
0.22825	0.0515625	5.338052
0.2285	0.05375	5.340202
0.22875	0.05625	5.342343
0.229	0.0584375	5.34447
0.22925	0.059375	5.346568
0.2295	0.063125	5.348614
0.22975	0.0646875	5.350563
0.23	0.064375	5.352417
0.23025	0.06625	5.354181
0.2305	0.06375	5.35586
0.23075	0.06375	5.357539
0.231	0.0615625	5.359347
0.23125	0.06125	5.361458
0.2315	0.0628125	5.364003
0.23175	0.06	5.367014
0.232	0.0609375	5.370516
0.23225	0.0584375	5.374463
0.2325	0.0571875	5.378777
0.23275	0.05625	5.383371
0.233	0.0553125	5.388169
0.23325	0.0509375	5.393124
0.2335	0.0496875	5.398201
0.23375	0.0459375	5.403375
0.234	0.0453125	5.408648
0.23425	0.0425	5.413998
0.2345	0.041875	5.419426
0.23475	0.0428125	5.424923
0.235	0.041875	5.430481
0.23525	0.04375	5.436088
0.2355	0.0465625	5.441737
0.23575	0.0459375	5.44741
0.236	0.0446875	5.453109
0.23625	0.0434375	5.458831
0.2365	0.0415625	5.464587
0.23675	0.0409375	5.470374
0.237	0.0415625	5.476186
0.23725	0.04125	5.48203
0.2375	0.0396875	5.487908
0.23775	0.0384375	5.493825
0.238	0.0453125	5.49979
0.23825	0.0453125	5.505771
0.2385	0.0434375	5.511778
0.23875	0.0378125	5.517815
0.239	0.0328125	5.523914
0.23925	0.0340625	5.530098
0.2395	0.0371875	5.536361
0.23975	0.045625	5.542711
0.24	0.0534375	5.549119
0.24025	0.0553125	5.555557
0.2405	0.0584375	5.56203
0.24075	0.0578125	5.568525
0.241	0.05625	5.575063
0.24125	0.0553125	5.58167
0.2415	0.0546875	5.588369
0.24175	0.05375	5.595191
0.242	0.0546875	5.602174
0.24225	0.055625	5.609338
0.2425	0.056875	5.616657
0.24275	0.056875	5.624064
0.243	0.0596875	5.63153
0.24325	0.0621875	5.639003
0.2435	0.0603125	5.646436
0.24375	0.061875	5.65383
0.244	0.0634375	5.661166
0.24425	0.06375	5.668432
0.2445	0.0625	5.675632
0.24475	0.0603125	5.682773
0.245	0.06125	5.689893
0.24525	0.06	5.69702
0.2455	0.059375	5.704198
0.24575	0.06125	5.711435
0.246	0.0621875	5.7187
0.24625	0.06125	5.725968
0.2465	0.065	5.733227
0.24675	0.069375	5.740429
0.247	0.07375	5.747546
0.24725	0.0725	5.754531
0.2475	0.0721875	5.761396
0.24775	0.0715625	5.768134
0.248	0.06875	5.774764
0.24825	0.0725	5.781322
0.2485	0.0746875	5.787782
0.24875	0.075	5.794135
0.249	0.07375	5.800374
0.24925	0.065625	5.806489
0.2495	0.0525	5.812525
0.24975	0.0384375	5.818533
0.25	0.0228125	5.824566
0.25025	0.006875	5.830666
0.2505	-0.00875	5.836843
0.25075	-0.0190625	5.843107
0.251	-0.025	5.849444
0.25125	-0.0296875	5.855837
0.2515	-0.0290625	5.862278
0.25175	-0.0159375	5.868748
0.252	0.0003125	5.875266
0.25225	0.015625	5.88183
0.2525	0.023125	5.88842
0.25275	0.030625	5.895021
0.253	0.04125	5.901615
0.25325	0.0496875	5.90817
0.2535	0.0628125	5.914655
0.25375	0.0690625	5.921019
0.254	0.0821875	5.927257
0.25425	0.0915625	5.933327
0.2545	0.0940625	5.939178
0.25475	0.09125	5.94481
0.255	0.088125	5.95024
0.25525	0.0796875	5.95549
0.2555	0.065	5.960605
0.25575	0.05125	5.965658
0.256	0.0471875	5.970719
0.25625	0.04625	5.975801
0.2565	0.044375	5.980901
0.25675	0.05	5.986042
0.257	0.0553125	5.991189
0.25725	0.0575	5.996323
0.2575	0.0615625	6.001435
0.25775	0.059375	6.006505
0.258	0.05875	6.011544
0.25825	0.0615625	6.01655
0.2585	0.065	6.021512
0.25875	0.056875	6.026416
0.259	0.0465625	6.031294
0.25925	0.035625	6.036207
0.2595	0.0171875	6.041201
0.25975	-0.0015625	6.046326
0.26	-0.0096875	6.0516
0.26025	-0.0065625	6.057023
0.2605	0.000625	6.062603
0.26075	0.0059375	6.068338
0.261	0.0096875	6.074227
0.26125	0.014375	6.080266
0.2615	0.0140625	6.086446
0.26175	0.0103125	6.092778
0.262	0.00875	6.099268
0.26225	0.00375	6.105904
0.2625	0.011875	6.112688
0.26275	0.028125	6.119616
0.263	0.04375	6.126653
0.26325	0.06375	6.133751
0.2635	0.0784375	6.140823
0.26375	0.085	6.147786
0.264	0.093125	6.154592
0.26425	0.0971875	6.161179
0.2645	0.0953125	6.167524
0.26475	0.0871875	6.173622
0.265	0.0884375	6.17953
0.26525	0.0928125	6.185246
0.2655	0.09375	6.190724
0.26575	0.1015625	6.195952
0.266	0.1065625	6.200865
0.26625	0.1065625	6.205415
0.2665	0.10375	6.209606
0.26675	0.0959375	6.213447
0.267	0.088125	6.21701
0.26725	0.0778125	6.220354
0.2675	0.071875	6.223542
0.26775	0.0709375	6.226607
0.268	0.0640625	6.229552
0.26825	0.0578125	6.232412
0.2685	0.0534375	6.23522
0.26875	0.051875	6.23799
0.269	0.0534375	6.240731
0.26925	0.055625	6.243429
0.2695	0.0553125	6.246073
0.26975	0.055625	6.248667
0.27	0.0525	6.251202
0.27025	0.05125	6.253692
0.2705	0.0496875	6.256143
0.27075	0.046875	6.258564
0.271	0.0490625	6.260968
0.27125	0.049375	6.263346
0.2715	0.04625	6.265699
0.27175	0.0465625	6.268039
0.272	0.0453125	6.270369
0.27225	0.04875	6.272703
0.2725	0.0484375	6.275025
0.27275	0.0453125	6.277339
0.273	0.044375	6.279664
0.27325	0.039375	6.281999
0.2735	0.03875	6.284363
0.27375	0.0446875	6.286763
0.274	0.0478125	6.289188
0.27425	0.0471875	6.29163
0.2745	0.043125	6.294092
0.27475	0.0365625	6.296602
0.275	0.025625	6.29919
0.27525	0.0071875	6.301883
0.2755	-0.0071875	6.304705
0.27575	-0.021875	6.307663
0.276	-0.028125	6.310745
0.27625	-0.0184375	6.313941
0.2765	-0.006875	6.317263
0.27675	0.00625	6.320734
0.277	0.0178125	6.324354
0.27725	0.0403125	6.328108
0.2775	0.055625	6.33195
0.27775	0.0525	6.335821
0.278	0.0421875	6.339728
0.27825	0.01375	6.343709
0.2785	-0.0175	6.347819
0.27875	-0.0365625	6.352056
0.279	-0.04125	6.35638
0.27925	-0.0375	6.360778
0.2795	-0.024375	6.365265
0.27975	-0.0040625	6.369869
0.28	0.0165625	6.374628
0.28025	0.024375	6.379538
0.2805	0.034375	6.384575
0.28075	0.0659375	6.389725
0.281	0.1015625	6.394853
0.28125	0.13125	6.399727
0.2815	0.150625	6.404076
0.28175	0.1584375	6.407677
0.282	0.15875	6.410449
0.28225	0.1546875	6.412371
0.2825	0.1409375	6.413499
0.28275	0.1265625	6.413985
0.283	0.1128125	6.413973
0.28325	0.1021875	6.413585
0.2835	0.0909375	6.412905
0.28375	0.0828125	6.412003
0.284	0.079375	6.410933
0.28425	0.0759375	6.409705
0.2845	0.070625	6.40834
0.28475	0.0684375	6.406861
0.285	0.0659375	6.405277
0.28525	0.0634375	6.403603
0.2855	0.0628125	6.401851
0.28575	0.0609375	6.400026
0.286	0.0634375	6.398146
0.28625	0.0590625	6.396193
0.2865	0.0596875	6.39419
0.28675	0.0584375	6.39213
0.287	0.055625	6.390022
0.28725	0.058125	6.387875
0.2875	0.0565625	6.385678
0.28775	0.0571875	6.383438
0.288	0.056875	6.381153
0.28825	0.0575	6.378818
0.2885	0.059375	6.37644
0.28875	0.06	6.374015
0.289	0.0625	6.371538
0.28925	0.0659375	6.368987
0.2895	0.066875	6.366336
0.28975	0.069375	6.363588
0.29	0.07	6.360733
0.29025	0.0715625	6.35778
0.2905	0.075	6.35474
0.29075	0.0765625	6.351592
0.291	0.0796875	6.34834
0.29125	0.0846875	6.344958
0.2915	0.08875	6.34141
0.29175	0.0953125	6.337666
0.292	0.103125	6.333678
0.29225	0.1059375	6.329389
0.2925	0.10125	6.324784
0.29275	0.089375	6.319901
0.293	0.080625	6.31484
0.29325	0.06625	6.309659
0.2935	0.05375	6.304447
0.29375	0.0484375	6.299265
0.294	0.0440625	6.294132
0.29425	0.0425	6.289073
0.2945	0.0428125	6.284097
0.29475	0.0440625	6.279203
0.295	0.0534375	6.274386
0.29525	0.0684375	6.269602
0.2955	0.07875	6.264784
0.29575	0.079375	6.259874
0.296	0.074375	6.254864
0.29625	0.0675	6.249788
0.2965	0.061875	6.244691
0.29675	0.0525	6.2396
0.297	0.048125	6.234559
0.29725	0.040625	6.229592
0.2975	0.041875	6.224742
0.29775	0.0453125	6.220001
0.298	0.05125	6.215352
0.29825	0.0559375	6.210778
0.2985	0.0578125	6.206246
0.29875	0.06	6.201756
0.299	0.0578125	6.197307
0.29925	0.053125	6.192903
0.2995	0.0503125	6.188565
0.29975	0.0465625	6.184275
0.3	0.045625	6.180015
0.30025	0.045625	6.175773
0.3005	0.0446875	6.171516
0.30075	0.04875	6.167239
0.301	0.049375	6.16293
0.30125	0.0478125	6.158582
0.3015	0.0478125	6.154207
0.30175	0.0415625	6.149811
0.302	0.0334375	6.145418
0.30225	0.0253125	6.141041
0.3025	0.0134375	6.136684
0.30275	0.0090625	6.132376
0.303	0.0103125	6.12813
0.30325	0.01	6.123946
0.3035	0.014375	6.119845
0.30375	0.0284375	6.115837
0.304	0.0471875	6.111932
0.30425	0.0628125	6.108085
0.3045	0.069375	6.10427
0.30475	0.0740625	6.100487
0.305	0.0734375	6.096714
0.30525	0.0721875	6.092947
0.3055	0.066875	6.089185
0.30575	0.0609375	6.085424
0.306	0.0584375	6.081655
0.30625	0.0584375	6.077858
0.3065	0.0565625	6.074026
0.30675	0.0596875	6.070166
0.307	0.055	6.066255
0.30725	0.05625	6.062329
0.3075	0.0559375	6.058392
0.30775	0.054375	6.054452
0.308	0.0546875	6.050535
0.30825	0.05375	6.046626
0.3085	0.05375	6.042734
0.30875	0.055625	6.038869
0.309	0.055	6.035031
0.30925	0.05875	6.031206
0.3095	0.0628125	6.027356
0.30975	0.0640625	6.023448
0.31	0.06625	6.019459
0.31025	0.0678125	6.01536
0.3105	0.068125	6.011148
0.31075	0.066875	6.006821
0.311	0.0640625	6.002375
0.31125	0.065	5.997833
0.3115	0.064375	5.993192
0.31175	0.066875	5.988463
0.312	0.065	5.983626
0.31225	0.0628125	5.978686
0.3125	0.0634375	5.97366
0.31275	0.0628125	5.968545
0.313	0.0609375	5.963334
0.31325	0.0609375	5.958055
0.3135	0.0621875	5.952728
0.31375	0.06125	5.94739
0.314	0.0590625	5.942093
0.31425	0.0578125	5.936867
0.3145	0.0596875	5.931752
0.31475	0.0565625	5.926754
0.315	0.054375	5.92188
0.31525	0.054375	5.917113
0.3155	0.0515625	5.91245
0.31575	0.0503125	5.907925
0.316	0.0503125	5.903542
0.31625	0.0490625	5.899332
0.3165	0.0484375	5.895322
0.31675	0.04375	5.891511
0.317	0.0465625	5.887905
0.31725	0.0478125	5.884459
0.3175	0.04625	5.88114
0.31775	0.04625	5.877925
0.318	0.046875	5.874786
0.31825	0.0465625	5.871717
0.3185	0.045625	5.8687
0.31875	0.0434375	5.865729
0.319	0.04375	5.862799
0.31925	0.0434375	5.859905
0.3195	0.0421875	5.857051
0.31975	0.04375	5.854248
0.32	0.0421875	5.851484
0.32025	0.041875	5.848767
0.3205	0.0428125	5.846092
0.32075	0.04375	5.843449
0.321	0.0453125	5.840838
0.32125	0.0459375	5.838248
0.3215	0.046875	5.835682
0.32175	0.046875	5.833136
0.322	0.0471875	5.830604
0.32225	0.049375	5.828088
0.3225	0.0490625	5.825568
0.32275	0.0490625	5.823059
0.323	0.0503125	5.820563
0.32325	0.04875	5.818063
0.3235	0.050625	5.815569
0.32375	0.051875	5.813065
0.324	0.0534375	5.810543
0.32425	0.055	5.808006
0.3245	0.054375	5.805454
0.32475	0.056875	5.802898
0.325	0.059375	5.80031
0.32525	0.0609375	5.797659
0.3255	0.0625	5.794929
0.32575	0.065	5.7921
0.326	0.0671875	5.789157
0.32625	0.068125	5.786106
0.3265	0.066875	5.782955
0.32675	0.0696875	5.779696
0.327	0.06875	5.776306
0.32725	0.07	5.772797
0.3275	0.0715625	5.769168
0.32775	0.07125	5.765428
0.328	0.06875	5.76162
0.32825	0.0675	5.75775
0.3285	0.068125	5.753803
0.32875	0.0678125	5.749745
0.329	0.0659375	5.74558
0.32925	0.0653125	5.74134
0.3295	0.06375	5.737042
0.32975	0.0625	5.732678
0.33	0.065	5.728242
0.33025	0.065	5.723701
0.3305	0.0625	5.71906
0.33075	0.0628125	5.714335
0.331	0.060625	5.709535
0.33125	0.06125	5.704739
0.3315	0.06	5.700076
0.33175	0.0553125	5.695696
0.332	0.0584375	5.69174
0.33225	0.0534375	5.688246
0.3325	0.054375	5.685242
0.33275	0.05625	5.682697
0.333	0.05375	5.680507
0.33325	0.0525	5.678608
0.3335	0.0525	5.676931
0.33375	0.0496875	5.675421
0.334	0.05	5.674043
0.33425	0.048125	5.672764
0.3345	0.0490625	5.671579
0.33475	0.0484375	5.67047
0.335	0.0465625	5.669427
0.33525	0.0465625	5.668454
0.3355	0.0478125	5.667543
0.33575	0.0475	5.666692
0.336	0.049375	5.665905
0.33625	0.0471875	5.665169
0.3365	0.04875	5.664496
0.33675	0.0490625	5.663868
0.337	0.0509375	5.663281
0.33725	0.0503125	5.662716
0.3375	0.049375	5.662169
0.33775	0.0515625	5.661657
0.338	0.0509375	5.661161
0.33825	0.04875	5.660688
0.3385	0.05	5.66025
0.33875	0.0509375	5.659838
0.339	0.0525	5.659447
0.33925	0.05	5.659074
0.3395	0.05125	5.658732
0.33975	0.0528125	5.658431
0.34	0.0528125	5.65816
0.34025	0.053125	5.65793
0.3405	0.05375	5.657749
0.34075	0.05375	5.657614
0.341	0.05375	5.657538
0.34125	0.053125	5.657529
0.3415	0.0528125	5.657601
0.34175	0.0525	5.657774
0.342	0.0528125	5.658067
0.34225	0.0559375	5.658505
0.3425	0.05875	5.659108
0.34275	0.05875	5.659872
0.343	0.0615625	5.660777
0.34325	0.0621875	5.661762
0.3435	0.0615625	5.662788
0.34375	0.060625	5.663814
0.344	0.061875	5.664813
0.34425	0.0634375	5.665766
0.3445	0.063125	5.666655
0.34475	0.0621875	5.667479
0.345	0.0646875	5.668239
0.34525	0.0625	5.668925
0.3455	0.0640625	5.669578
0.34575	0.065625	5.670229
0.346	0.065	5.670901
0.34625	0.065	5.671604
0.3465	0.065625	5.672325
0.34675	0.0665625	5.673034
0.347	0.0640625	5.673712
0.34725	0.0609375	5.674351
0.3475	0.0621875	5.674956
0.34775	0.0628125	5.675505
0.348	0.0615625	5.675995
0.34825	0.063125	5.676442
0.3485	0.0621875	5.676848
0.34875	0.060625	5.677227
0.349	0.06125	5.677595
0.34925	0.0596875	5.677952
0.3495	0.0603125	5.678299
0.34975	0.0575	5.678622
0.35	0.0571875	5.678927
0.35025	0.0603125	5.679211
0.3505	0.05625	5.679451
0.35075	0.055	5.679673
0.351	0.05625	5.679879
0.35125	0.053125	5.680068
0.3515	0.0525	5.680258
0.35175	0.0525	5.680451
0.352	0.0546875	5.680644
0.35225	0.0528125	5.680807
0.3525	0.0496875	5.680933
0.35275	0.053125	5.681025
0.353	0.0521875	5.681053
0.35325	0.0503125	5.681018
0.3535	0.0528125	5.68093
0.35375	0.0515625	5.68077
0.354	0.053125	5.680549
0.35425	0.0525	5.680272
0.3545	0.0528125	5.679971
0.35475	0.05375	5.679684
0.355	0.0528125	5.679428
0.35525	0.0534375	5.679227
0.3555	0.0546875	5.679073
0.35575	0.0528125	5.678958
0.356	0.05375	5.678885
0.35625	0.0546875	5.678828
0.3565	0.055	5.678772
0.35675	0.054375	5.678717
0.357	0.0528125	5.678655
0.35725	0.0540625	5.678602
0.3575	0.05375	5.678544
0.35775	0.054375	5.678485
0.358	0.0571875	5.67842
0.35825	0.0553125	5.678333
0.3585	0.0565625	5.678239
0.35875	0.05875	5.678132
0.359	0.0584375	5.678
0.35925	0.06	5.677858
0.3595	0.0603125	5.677695
0.35975	0.0625	5.677515
0.36	0.06375	5.677317
0.36025	0.0596875	5.677098
0.3605	0.06125	5.676888
0.36075	0.0615625	5.676678
0.361	0.0584375	5.676475
0.36125	0.06	5.676291
0.3615	0.0609375	5.67611
0.36175	0.0634375	5.675944
0.362	0.0609375	5.675781
0.36225	0.06	5.675643
0.3625	0.0615625	5.675546
0.36275	0.0625	5.675481
0.363	0.0584375	5.675425
0.36325	0.0596875	5.675372
0.3635	0.0584375	5.675295
0.36375	0.05875	5.675193
0.364	0.05875	5.67506
0.36425	0.05875	5.674897
0.3645	0.059375	5.674716
0.36475	0.0584375	5.674523
0.365	0.0596875	5.67434
0.36525	0.059375	5.674151
0.3655	0.0578125	5.673943
0.36575	0.0584375	5.673724
0.366	0.056875	5.673481
0.36625	0.05625	5.673226
0.3665	0.0553125	5.672951
0.36675	0.0546875	5.67266
0.367	0.0540625	5.67236
0.36725	0.053125	5.672037
0.3675	0.0546875	5.671686
0.36775	0.0565625	5.671292
0.368	0.053125	5.670833
0.36825	0.0521875	5.670326
0.3685	0.0534375	5.669777
0.36875	0.0546875	5.669179
0.369	0.055	5.668525
0.36925	0.0534375	5.667801
0.3695	0.0540625	5.667004
0.36975	0.0534375	5.666124
0.37	0.0521875	5.66516
0.37025	0.0528125	5.664119
0.3705	0.0521875	5.662998
0.37075	0.0515625	5.661809
0.371	0.0534375	5.660571
0.37125	0.0546875	5.659301
0.3715	0.055	5.658043
0.37175	0.0546875	5.656825
0.372	0.0540625	5.655683
0.37225	0.055	5.654648
0.3725	0.0528125	5.653709
0.37275	0.054375	5.652882
0.373	0.0559375	5.652142
0.37325	0.05375	5.651464
0.3735	0.0559375	5.650858
0.37375	0.0559375	5.650314
0.374	0.055625	5.649853
0.37425	0.055625	5.649472
0.3745	0.0553125	5.649155
0.37475	0.06	5.648906
0.375	0.055625	5.648682
0.37525	0.053125	5.648506
0.3755	0.05625	5.648402
0.37575	0.05625	5.64836
0.376	0.0565625	5.648394
0.37625	0.059375	5.648499
0.3765	0.0621875	5.648654
0.37675	0.0609375	5.648834
0.377	0.0596875	5.649021
0.37725	0.063125	5.649212
0.3775	0.063125	5.64937
0.37775	0.059375	5.649485
0.378	0.0634375	5.64958
0.37825	0.063125	5.649636
0.3785	0.061875	5.649656
0.37875	0.0634375	5.649654
0.379	0.0640625	5.649635
0.37925	0.0634375	5.649606
0.3795	0.0653125	5.64957
0.37975	0.0621875	5.649525
0.38	0.0628125	5.649494
0.38025	0.0615625	5.649471
0.3805	0.060625	5.649491
0.38075	0.06	5.649572
0.381	0.058125	5.649708
0.38125	0.058125	5.649905
0.3815	0.05875	5.650149
0.38175	0.056875	5.650416
0.382	0.055625	5.650687
0.38225	0.0553125	5.650939
0.3825	0.0559375	5.651171
0.38275	0.055625	5.651355
0.383	0.05375	5.651487
0.38325	0.0553125	5.651587
0.3835	0.055	5.651643
0.38375	0.053125	5.65167
0.384	0.0515625	5.65171
0.38425	0.0521875	5.6518
0.3845	0.05125	5.651975
0.38475	0.0509375	5.652228
0.385	0.0521875	5.652555
0.38525	0.0534375	5.652923
0.3855	0.0528125	5.653301
0.38575	0.0575	5.65368
0.386	0.06	5.654021
0.38625	0.0584375	5.654288
0.3865	0.058125	5.654489
0.38675	0.0571875	5.654611
0.387	0.0559375	5.654672
0.38725	0.0534375	5.654689
0.3875	0.0525	5.654691
0.38775	0.055	5.654705
0.388	0.0546875	5.654729
0.38825	0.05375	5.654779
0.3885	0.055625	5.654864
0.38875	0.0540625	5.654954
0.389	0.05125	5.655054
0.38925	0.0521875	5.655177
0.3895	0.050625	5.655322
0.38975	0.0525	5.655495
0.39	0.049375	5.655684
0.39025	0.0521875	5.655911
0.3905	0.0540625	5.656161
0.39075	0.0521875	5.656426
0.391	0.0540625	5.656712
0.39125	0.054375	5.657006
0.3915	0.054375	5.657299
0.39175	0.055625	5.65758
0.392	0.0553125	5.657838
0.39225	0.0565625	5.658074
0.3925	0.0553125	5.658279
0.39275	0.0559375	5.658462
0.393	0.055625	5.658641
0.39325	0.056875	5.658818
0.3935	0.0559375	5.659005
0.39375	0.0565625	5.659204
0.394	0.056875	5.659408
0.39425	0.056875	5.659607
0.3945	0.05625	5.659803
0.39475	0.05625	5.660002
0.395	0.055	5.6602
0.39525	0.055	5.660401
0.3955	0.05875	5.660615
0.39575	0.0584375	5.660816
0.396	0.0584375	5.661016
0.39625	0.0596875	5.661237
0.3965	0.0609375	5.661474
0.39675	0.0596875	5.661728
0.397	0.06	5.662016
0.39725	0.06	5.662337
0.3975	0.0603125	5.662683
0.39775	0.05875	5.663032
0.398	0.059375	5.663393
0.39825	0.0590625	5.663771
0.3985	0.05875	5.664156
0.39875	0.0584375	5.664547
0.399	0.059375	5.664937
0.39925	0.0578125	5.665315
0.3995	0.0575	5.665703
0.39975	0.0584375	5.666109
0.4	0.0571875	5.666109
0.40025	0.0578125	5.666109
0.4005	0.056875	5.666109
0.40075	0.058125	5.666109
0.401	0.0575	5.666109
0.40125	0.0565625	5.666109
0.4015	0.0571875	5.666109
0.40175	0.0578125	5.666109
0.402	0.056875	5.666109
0.40225	0.05375	5.666109
0.4025	0.0521875	5.666109
0.40275	0.0525	5.666109
0.403	0.0503125	5.666109
0.40325	0.05	5.666109
0.4035	0.0490625	5.666109
0.40375	0.0478125	5.666109
0.404	0.0478125	5.666109
0.40425	0.0478125	5.666109
0.4045	0.0465625	5.666109
0.40475	0.0475	5.666109
0.405	0.0490625	5.666109
0.40525	0.0509375	5.666109
0.4055	0.0496875	5.666109
0.40575	0.0515625	5.666109
0.406	0.0540625	5.666109
0.40625	0.0528125	5.666109
0.4065	0.051875	5.666109
0.40675	0.0515625	5.666109
0.407	0.04875	5.666109
0.40725	0.0496875	5.666109
0.4075	0.0503125	5.666109
0.40775	0.050625	5.666109
0.408	0.050625	5.666109
0.40825	0.0503125	5.666109
0.4085	0.0534375	5.666109
0.40875	0.05375	5.666109
0.409	0.0534375	5.666109
0.40925	0.0575	5.666109
0.4095	0.05625	5.666109
0.40975	0.055625	5.666109
0.41	0.055	5.666109
0.41025	0.0553125	5.666109
0.4105	0.0559375	5.666109
0.41075	0.054375	5.666109
0.411	0.05625	5.666109
0.41125	0.0571875	5.666109
0.4115	0.0571875	5.666109
0.41175	0.0625	5.666109
0.412	0.0634375	5.666109
0.41225	0.0634375	5.666109
0.4125	0.0703125	5.666109
0.41275	0.07125	5.666109
0.413	0.0646875	5.666109
0.41325	0.0553125	5.666109
0.4135	0.0475	5.666109
0.41375	0.045	5.666109
0.414	0.04	5.666109
0.41425	0.0421875	5.666109
0.4145	0.050625	5.666109
0.41475	0.0559375	5.666109
0.415	0.061875	5.666109
0.41525	0.06	5.666109
0.4155	0.0565625	5.666109
0.41575	0.056875	5.666109
0.416	0.055625	5.666109
0.41625	0.0578125	5.666109
0.4165	0.0540625	5.666109
0.41675	0.054375	5.666109
0.417	0.056875	5.666109
0.41725	0.0534375	5.666109
0.4175	0.0475	5.666109
0.41775	0.04125	5.666109
0.418	0.035	5.666109
0.41825	0.0365625	5.666109
0.4185	0.0365625	5.666109
0.41875	0.0365625	5.666109
0.419	0.0359375	5.666109
0.41925	0.0309375	5.666109
0.4195	0.021875	5.666109
0.41975	0.01375	5.666109
0.42	0.0071875	5.666109
0.42025	0.00625	5.666109
0.4205	0.0115625	5.666109
0.42075	0.02375	5.666109
0.421	0.035625	5.666109
0.42125	0.0490625	5.666109
0.4215	0.0665625	5.666109
0.42175	0.07625	5.666109
0.422	0.085	5.666109
0.42225	0.0925	5.666109
0.4225	0.0909375	5.666109
0.42275	0.0909375	5.666109
0.423	0.0859375	5.666109
0.42325	0.0821875	5.666109
0.4235	0.080625	5.666109
0.42375	0.0821875	5.666109
0.424	0.0865625	5.666109
0.42425	0.084375	5.666109
0.4245	0.079375	5.666109
0.42475	0.0784375	5.666109
0.425	0.0734375	5.666109
0.42525	0.071875	5.666109
0.4255	0.073125	5.666109
0.42575	0.0740625	5.666109
0.426	0.076875	5.666109
0.42625	0.07375	5.666109
0.4265	0.0690625	5.666109
0.42675	0.065	5.666109
0.427	0.0571875	5.666109
0.42725	0.0496875	5.666109
0.4275	0.041875	5.666109
0.42775	0.033125	5.666109
0.428	0.0321875	5.666109
0.42825	0.0340625	5.666109
0.4285	0.039375	5.666109
0.42875	0.046875	5.666109
0.429	0.0509375	5.666109
0.42925	0.0559375	5.666109
0.4295	0.058125	5.666109
0.42975	0.0625	5.666109
0.43	0.0653125	5.666109
0.43025	0.0659375	5.666109
0.4305	0.0734375	5.666109
0.43075	0.07625	5.666109
0.431	0.07625	5.666109
0.43125	0.075	5.666109
0.4315	0.0725	5.666109
0.43175	0.064375	5.666109
0.432	0.055625	5.666109
0.43225	0.0475	5.666109
0.4325	0.0421875	5.666109
0.43275	0.035	5.666109
0.433	0.029375	5.666109
0.43325	0.033125	5.666109
0.4335	0.0353125	5.666109
0.43375	0.045	5.666109
0.434	0.05875	5.666109
0.43425	0.0715625	5.666109
0.4345	0.0825	5.666109
0.43475	0.0809375	5.666109
0.435	0.078125	5.666109
0.43525	0.0709375	5.666109
0.4355	0.0628125	5.666109
0.43575	0.0590625	5.666109
0.436	0.050625	5.666109
0.43625	0.0403125	5.666109
0.4365	0.0359375	5.666109
0.43675	0.0321875	5.666109
0.437	0.0365625	5.666109
0.43725	0.0425	5.666109
0.4375	0.0490625	5.666109
0.43775	0.059375	5.666109
0.438	0.0640625	5.666109
0.43825	0.0675	5.666109
0.4385	0.06875	5.666109
0.43875	0.06375	5.666109
0.439	0.061875	5.666109
0.43925	0.0603125	5.666109
0.4395	0.0609375	5.666109
0.43975	0.0625	5.666109
0.44	0.060625	5.666109
0.44025	0.0615625	5.666109
0.4405	0.0609375	5.666109
0.44075	0.0603125	5.666109
0.441	0.06	5.666109
0.44125	0.0578125	5.666109
0.4415	0.0540625	5.666109
0.44175	0.05	5.666109
0.442	0.049375	5.666109
0.44225	0.0484375	5.666109
0.4425	0.04625	5.666109
0.44275	0.0453125	5.666109
0.443	0.050625	5.666109
0.44325	0.051875	5.666109
0.4435	0.055625	5.666109
0.44375	0.0546875	5.666109
0.444	0.0528125	5.666109
0.44425	0.0509375	5.666109
0.4445	0.0496875	5.666109
0.44475	0.0496875	5.666109
0.445	0.0484375	5.666109
0.44525	0.0475	5.666109
0.4455	0.0496875	5.666109
0.44575	0.0490625	5.666109
0.446	0.0521875	5.666109
0.44625	0.0584375	5.666109
0.4465	0.0603125	5.666109
0.44675	0.06375	5.666109
0.447	0.065625	5.666109
0.44725	0.0653125	5.666109
0.4475	0.065	5.666109
0.44775	0.06125	5.666109
0.448	0.06	5.666109
0.44825	0.061875	5.666109
0.4485	0.059375	5.666109
0.44875	0.0565625	5.666109
0.449	0.0540625	5.666109
0.44925	0.053125	5.666109
0.4495	0.0584375	5.666109
0.44975	0.061875	5.666109