Trail Number 		Maximum(uV) 	Maximum Time(s) 	Minimum(uV) 	Minimum Time(s) 	Peak-Peak(uV) 	Duration(s)  	Onset(s) 	Offset(s)
1 		 0.90125	0.03125	-1.6944	0.029	2.5956	0.00225	0.02425	0.0515
2 		 1.8044	0.032	-2.4928	0.02925	4.2972	0.00275	0.02425	0.0515
3 		 1.4653	0.032	-2.5966	0.02875	4.0619	0.00325	0.02375	0.0515
4 		 0.80437	0.0355	-1.9031	0.03	2.7075	0.0055	0.025	0.0515
5 		 1.2862	0.0315	-1.5962	0.029	2.8825	0.0025	0.024	0.036
6 		 0.90687	0.03175	-1.3353	0.02775	2.2422	0.004	0.02425	0.0515
7 		 1.1159	0.032	-1.7331	0.0285	2.8491	0.0035	0.025	0.0515
8 		 0.89812	0.03375	-1.4728	0.028	2.3709	0.00575	0.024	0.0515
9 		 1.2206	0.0315	-1.4969	0.027	2.7175	0.0045	0.024	0.0515
10 		 0.66438	0.03425	-1.3147	0.02775	1.9791	0.0065	0.023	0.0515
21 		 0.78563	0.032	-1.1959	0.0285	1.9816	0.0035	0.02525	0.0515
22 		 0.81656	0.0315	-1.115	0.0285	1.9316	0.003	0.02525	0.0515
23 		 0.53687	0.032	-0.66594	0.02725	1.2028	0.00475	0.02425	0.0515
24 		 0.52844	0.03225	-0.64719	0.0285	1.1756	0.00375	0.0255	0.04975
25 		 0.28937	0.02975	-0.54688	0.028	0.83625	0.00175	0.0235	0.0515
26 		 0.96406	0.0305	-1.0294	0.028	1.9934	0.0025	0.0245	0.0515
27 		 0.65438	0.0315	-0.81094	0.02775	1.4653	0.00375	0.024	0.0495
28 		 0.50187	0.034	-0.57281	0.0275	1.0747	0.0065	0.025	0.0515
29 		 2.2703	0.03125	-4.5459	0.02825	6.8163	0.003	0.01525	0.0515
30 		 1.0522	0.0325	-1.7812	0.02875	2.8334	0.00375	0.0255	0.0515
33 		 0.42188	0.032	-0.36875	0.027	0.79063	0.005	0.0215	0.03625
34 		 0.44219	0.0305	-0.40687	0.02675	0.84906	0.00375	0.0225	0.05025
37 		 0.19656	0.03175	-0.33656	0.0275	0.53312	0.00425	0.026	0.04725
38 		 0.25562	0.03025	-0.17219	0.027	0.42781	0.00325	0.026	0.03275
41 		 0.8225	0.0325	-1.3397	0.02875	2.1622	0.00375	0.02475	0.0345
42 		 0.91031	0.032	-1.2556	0.028	2.1659	0.004	0.02475	0.03425
43 		 0.70344	0.03275	-0.98719	0.0285	1.6906	0.00425	0.02525	0.0515
44 		 0.66187	0.03225	-1.1522	0.028	1.8141	0.00425	0.02525	0.03475
45 		 0.46781	0.0325	-1.0578	0.0285	1.5256	0.004	0.02525	0.051
46 		 1.2506	0.03275	-1.665	0.02875	2.9156	0.004	0.02475	0.0515
47 		 1.1828	0.032	-1.6069	0.02825	2.7897	0.00375	0.02475	0.0515
48 		 1.2509	0.0325	-1.7447	0.0285	2.9956	0.004	0.02525	0.035
49 		 1.3769	0.033	-1.9541	0.02875	3.3309	0.00425	0.02425	0.0515
50 		 0.60437	0.03225	-1.3444	0.0285	1.9487	0.00375	0.0245	0.0515
51 		 0.69937	0.03925	-1.4819	0.02725	2.1812	0.012	0.024	0.0515
52 		 1.1928	0.0325	-2.9003	0.02825	4.0931	0.00425	0.024	0.0515
53 		 1.3106	0.03675	-1.8262	0.029	3.1369	0.00775	0.02425	0.0515
54 		 1.0722	0.03225	-2.0728	0.028	3.145	0.00425	0.02425	0.0515
55 		 1.1381	0.0325	-2.2075	0.02875	3.3456	0.00375	0.0235	0.0515
56 		 0.93	0.032	-3.1069	0.0285	4.0369	0.0035	0.024	0.0515
57 		 1.6166	0.03075	-3.2481	0.028	4.8647	0.00275	0.024	0.0515
58 		 1.26	0.0315	-3.4737	0.028	4.7337	0.0035	0.024	0.0515
59 		 0.84969	0.03275	-2.7509	0.0285	3.6006	0.00425	0.02425	0.0515
60 		 1.5362	0.0325	-3.1725	0.0285	4.7088	0.004	0.0245	0.0515
61 		 1.0662	0.031	-2.3366	0.028	3.4028	0.003	0.024	0.0515
62 		 1.0556	0.03225	-1.3237	0.0285	2.3794	0.00375	0.025	0.0515
63 		 0.5675	0.03375	-1.1806	0.02825	1.7481	0.0055	0.02425	0.0515
64 		 0.39937	0.033	-0.74594	0.02775	1.1453	0.00525	0.026	0.0345
65 		 0.46813	0.03225	-0.96937	0.027	1.4375	0.00525	0.02475	0.0365
66 		 1.0544	0.03175	-2.0187	0.02825	3.0731	0.0035	0.02475	0.03325
67 		 1.1544	0.0345	-1.0809	0.02775	2.2353	0.00675	0.02425	0.0515
68 		 0.69312	0.03425	-1.7978	0.02775	2.4909	0.0065	0.024	0.0515
69 		 0.34875	0.03275	-0.67719	0.02825	1.0259	0.0045	0.023	0.03375
70 		 0.83156	0.03575	-1.7178	0.0285	2.5494	0.00725	0.02325	0.0515
71 		 0.76562	0.03225	-1.6175	0.027	2.3831	0.00525	0.0205	0.05075
72 		 0.21625	0.03075	-0.28781	0.028	0.50406	0.00275	0.02575	0.0515
73 		 0.21406	0.03125	-0.21125	0.0265	0.42531	0.00475	0.025	0.0515
74 		 0.60719	0.03025	-0.37281	0.027	0.98	0.00325	0.025	0.0315
75 		 0.49031	0.03025	-0.42938	0.02775	0.91969	0.0025	0.02225	0.0515
76 		 0.38469	0.03025	-0.31188	0.02825	0.69656	0.002	0.025	0.0315
77 		 0.25844	0.0305	-0.31281	0.02825	0.57125	0.00225	0.0255	0.0515
79 		 0.21094	0.03375	-0.40219	0.028	0.61312	0.00575	0.025	0.0515
80 		 1.1572	0.03225	-1.5325	0.02825	2.6897	0.004	0.02425	0.0505